Table 1
Ionizing Photons and Energies

Mass	E(H II)	N_gamma(H II)	(H II)	E(He II)	N_gamma(He II)	(He II)	E(He III)	N_gamma(He III)	(He III)	E(LW)	N_gamma(LW)	(LW)	
(M_sun)	(erg)		(Aring)	(erg)		(Aring)	(erg)		(Aring)	(erg)		(Aring)	
10.0	1.23E52	3.96E62	637.94	2.82E51	5.92E61	417.56	1.18E49	1.25E59	210.23	3.33E51	1.69E62	1005.1	
10.2	1.28E52	4.10E62	635.96	2.98E51	6.26E61	416.80	1.34E49	1.41E59	210.05	3.40E51	1.72E62	1005.0	
10.4	1.36E52	4.36E62	636.00	3.18E51	6.67E61	416.50	1.49E49	1.57E59	209.87	3.64E51	1.84E62	1005.1	
10.5	1.36E52	4.34E62	633.01	3.27E51	6.84E61	415.66	1.61E49	1.70E59	209.78	3.54E51	1.79E62	1004.9	
10.6	1.37E52	4.37E62	631.94	3.33E51	6.96E61	415.27	1.70E49	1.79E59	209.70	3.53E51	1.79E62	1004.9	
10.7	1.40E52	4.44E62	630.92	3.42E51	7.15E61	414.87	1.80E49	1.90E59	209.60	3.57E51	1.81E62	1004.9	
10.8	1.43E52	4.53E62	629.96	3.53E51	7.36E61	414.47	1.92E49	2.02E59	209.51	3.61E51	1.83E62	1004.9	
10.9	1.45E52	4.59E62	629.10	3.60E51	7.52E61	414.17	2.01E49	2.12E59	209.44	3.64E51	1.84E62	1004.8	
11.0	1.47E52	4.65E62	628.14	3.69E51	7.70E61	413.80	2.12E49	2.23E59	209.35	3.67E51	1.85E62	1004.8	
11.1	1.54E52	4.87E62	627.64	3.89E51	8.10E61	413.54	2.29E49	2.41E59	209.27	3.83E51	1.94E62	1004.7	
11.2	1.52E52	4.79E62	626.29	3.88E51	8.07E61	413.09	2.35E49	2.48E59	209.19	3.73E51	1.88E62	1004.7	
11.3	1.56E52	4.90E62	625.03	4.02E51	8.36E61	412.61	2.53E49	2.66E59	209.09	3.78E51	1.91E62	1004.7	
11.4	1.62E52	5.10E62	626.75	4.12E51	8.56E61	412.89	2.59E49	2.72E59	209.02	4.00E51	2.03E62	1004.8	
11.5	1.59E52	5.00E62	623.35	4.18E51	8.68E61	411.94	2.77E49	2.92E59	208.92	3.82E51	1.93E62	1004.6	
11.6	1.62E52	5.07E62	622.49	4.28E51	8.86E61	411.61	2.91E49	3.06E59	208.84	3.85E51	1.95E62	1004.6	
11.7	1.66E52	5.20E62	622.49	4.39E51	9.09E61	411.51	3.02E49	3.18E59	208.78	3.95E51	2.00E62	1004.6	
11.8	1.67E52	5.22E62	620.52	4.49E51	9.29E61	410.87	3.22E49	3.39E59	208.68	3.91E51	1.98E62	1004.5	
11.9	1.69E52	5.29E62	620.17	4.57E51	9.45E61	410.70	3.33E49	3.50E59	208.62	3.95E51	2.00E62	1004.5	
12.0	1.72E52	5.36E62	619.48	4.67E51	9.64E61	410.42	3.47E49	3.64E59	208.55	3.99E51	2.02E62	1004.5	
12.2	1.83E52	5.71E62	620.07	4.94E51	1.02E62	410.25	3.79E49	3.98E59	208.39	4.29E51	2.17E62	1004.6	
12.4	1.82E52	5.65E62	615.92	5.09E51	1.05E62	409.03	4.19E49	4.39E59	208.23	4.11E51	2.08E62	1004.4	
12.6	1.87E52	5.80E62	614.63	5.30E51	1.09E62	408.51	4.53E49	4.74E59	208.09	4.18E51	2.11E62	1004.3	
12.8	1.93E52	5.94E62	613.05	5.52E51	1.13E62	407.88	4.93E49	5.16E59	207.95	4.24E51	2.15E62	1004.3	
13.0	1.98E52	6.10E62	611.94	5.73E51	1.18E62	407.45	5.27E49	5.51E59	207.84	4.32E51	2.19E62	1004.3	
13.2	2.04E52	6.26E62	610.67	5.95E51	1.22E62	406.93	5.68E49	5.94E59	207.71	4.40E51	2.22E62	1004.2	
13.4	2.09E52	6.40E62	609.16	6.17E51	1.26E62	406.34	6.13E49	6.41E59	207.57	4.46E51	2.25E62	1004.2	
13.6	2.14E52	6.56E62	607.92	6.40E51	1.31E62	405.86	6.57E49	6.86E59	207.45	4.53E51	2.29E62	1004.2	
13.8	2.20E52	6.72E62	606.67	6.64E51	1.35E62	405.36	7.04E49	7.35E59	207.33	4.60E51	2.33E62	1004.1	
14.0	2.25E52	6.87E62	605.34	6.87E51	1.40E62	404.83	7.55E49	7.87E59	207.20	4.67E51	2.36E62	1004.1	
14.2	2.31E52	7.02E62	604.03	7.11E51	1.45E62	404.29	8.09E49	8.44E59	207.07	4.73E51	2.39E62	1004.0	
14.4	2.38E52	7.21E62	602.46	7.41E51	1.51E62	403.70	8.75E49	9.11E59	206.95	4.81E51	2.43E62	1004.0	
14.6	2.43E52	7.38E62	602.15	7.61E51	1.55E62	403.52	9.11E49	9.48E59	206.87	4.91E51	2.48E62	1004.0	
14.8	2.48E52	7.51E62	600.58	7.85E51	1.59E62	402.91	9.76E49	1.02E60	206.74	4.95E51	2.50E62	1003.9	
15.0	2.60E52	7.85E62	599.82	8.27E51	1.68E62	402.59	1.05E50	1.09E60	206.66	5.15E51	2.60E62	1003.9	
15.2	2.69E52	8.12E62	598.97	8.62E51	1.75E62	402.21	1.12E50	1.16E60	206.57	5.31E51	2.68E62	1003.9	
15.4	2.67E52	8.02E62	597.42	8.63E51	1.75E62	401.67	1.16E50	1.20E60	206.45	5.18E51	2.62E62	1003.9	
15.6	2.75E52	8.25E62	596.18	8.98E51	1.81E62	401.17	1.24E50	1.29E60	206.34	5.29E51	2.67E62	1003.8	
15.8	2.79E52	8.37E62	595.65	9.16E51	1.85E62	400.94	1.28E50	1.33E60	206.26	5.35E51	2.70E62	1003.8	
16.0	2.86E52	8.56E62	594.70	9.44E51	1.90E62	400.56	1.35E50	1.41E60	206.17	5.44E51	2.75E62	1003.8	
16.2	2.93E52	8.76E62	593.99	9.73E51	1.96E62	400.24	1.42E50	1.48E60	206.08	5.54E51	2.80E62	1003.8	
16.4	2.99E52	8.92E62	592.93	9.99E51	2.01E62	399.84	1.50E50	1.55E60	206.00	5.60E51	2.83E62	1003.8	
16.6	3.10E52	9.24E62	591.61	1.05E52	2.11E62	399.31	1.62E50	1.68E60	205.89	5.76E51	2.91E62	1003.7	
16.8	3.17E52	9.46E62	592.36	1.07E52	2.14E62	399.34	1.66E50	1.72E60	205.81	5.94E51	3.00E62	1003.8	
17.0	3.19E52	9.49E62	590.19	1.09E52	2.19E62	398.72	1.74E50	1.80E60	205.73	5.86E51	2.96E62	1003.7	
17.1	3.23E52	9.57E62	589.34	1.11E52	2.22E62	398.41	1.80E50	1.86E60	205.68	5.88E51	2.97E62	1003.6	
17.2	3.26E52	9.68E62	589.24	1.12E52	2.25E62	398.30	1.83E50	1.90E60	205.63	5.95E51	3.00E62	1003.6	
17.3	3.30E52	9.78E62	589.07	1.13E52	2.27E62	398.26	1.86E50	1.93E60	205.62	6.00E51	3.03E62	1003.6	
17.4	3.36E52	9.98E62	589.44	1.15E52	2.31E62	398.25	1.90E50	1.97E60	205.57	6.15E51	3.11E62	1003.7	
17.5	3.36E52	9.94E62	587.61	1.17E52	2.34E62	397.70	1.97E50	2.04E60	205.52	6.04E51	3.05E62	1003.6	
17.6	3.47E52	1.03E63	587.92	1.20E52	2.41E62	397.75	2.03E50	2.10E60	205.50	6.27E51	3.17E62	1003.6	
17.7	3.44E52	1.02E63	586.87	1.20E52	2.40E62	397.42	2.06E50	2.13E60	205.43	6.14E51	3.10E62	1003.6	
17.8	3.48E52	1.03E63	586.14	1.22E52	2.44E62	397.14	2.12E50	2.20E60	205.39	6.18E51	3.12E62	1003.5	
17.9	3.51E52	1.04E63	586.61	1.23E52	2.45E62	397.24	2.13E50	2.21E60	205.38	6.27E51	3.17E62	1003.6	
18.0	3.54E52	1.05E63	585.97	1.24E52	2.49E62	396.98	2.19E50	2.27E60	205.32	6.29E51	3.18E62	1003.5	
18.1	3.66E52	1.08E63	587.81	1.27E52	2.54E62	397.34	2.22E50	2.29E60	205.29	6.63E51	3.35E62	1003.7	
18.2	3.62E52	1.07E63	584.99	1.28E52	2.55E62	396.59	2.30E50	2.38E60	205.23	6.38E51	3.22E62	1003.6	
18.3	3.66E52	1.08E63	584.80	1.29E52	2.58E62	396.51	2.34E50	2.42E60	205.21	6.44E51	3.25E62	1003.5	
18.4	3.76E52	1.11E63	586.11	1.32E52	2.64E62	396.72	2.38E50	2.46E60	205.17	6.72E51	3.40E62	1003.6	
18.5	3.80E52	1.12E63	585.53	1.34E52	2.67E62	396.45	2.46E50	2.54E60	205.11	6.77E51	3.42E62	1003.6	
18.6	3.77E52	1.11E63	583.69	1.34E52	2.68E62	396.05	2.50E50	2.58E60	205.09	6.58E51	3.32E62	1003.5	
18.7	3.81E52	1.12E63	583.20	1.36E52	2.72E62	395.84	2.56E50	2.64E60	205.05	6.62E51	3.34E62	1003.5	
18.8	3.92E52	1.15E63	584.74	1.39E52	2.77E62	396.13	2.59E50	2.67E60	205.02	6.93E51	3.50E62	1003.6	
18.9	3.94E52	1.16E63	582.40	1.42E52	2.82E62	395.50	2.71E50	2.79E60	204.98	6.81E51	3.44E62	1003.5	
19.0	4.02E52	1.18E63	583.30	1.44E52	2.86E62	395.70	2.73E50	2.82E60	204.96	7.00E51	3.54E62	1003.5	
19.2	4.02E52	1.18E63	581.71	1.45E52	2.89E62	395.16	2.83E50	2.92E60	204.87	6.91E51	3.49E62	1003.5	
19.4	4.09E52	1.19E63	580.38	1.49E52	2.96E62	394.67	2.97E50	3.07E60	204.78	6.95E51	3.51E62	1003.4	
19.6	4.16E52	1.21E63	579.56	1.52E52	3.02E62	394.33	3.10E50	3.19E60	204.70	7.03E51	3.55E62	1003.4	
19.8	4.28E52	1.25E63	579.80	1.57E52	3.11E62	394.33	3.20E50	3.30E60	204.65	7.26E51	3.67E62	1003.4	
20.0	4.46E52	1.31E63	581.83	1.61E52	3.20E62	394.51	3.31E50	3.41E60	204.56	7.76E51	3.92E62	1003.6	
20.5	4.64E52	1.35E63	579.33	1.70E52	3.38E62	393.66	3.65E50	3.75E60	204.38	7.90E51	3.99E62	1003.5	
21.0	4.78E52	1.38E63	574.70	1.81E52	3.57E62	392.35	4.07E50	4.19E60	204.24	7.78E51	3.93E62	1003.3	
21.5	5.08E52	1.47E63	575.86	1.91E52	3.76E62	392.18	4.40E50	4.51E60	204.03	8.41E51	4.25E62	1003.4	
22.0	5.23E52	1.51E63	572.57	2.00E52	3.94E62	391.20	4.81E50	4.93E60	203.89	8.39E51	4.24E62	1003.3	
22.5	5.44E52	1.56E63	570.35	2.11E52	4.15E62	390.41	5.26E50	5.39E60	203.74	8.58E51	4.33E62	1003.2	
23.0	5.66E52	1.62E63	569.12	2.21E52	4.34E62	389.83	5.67E50	5.81E60	203.58	8.84E51	4.46E62	1003.2	
23.5	5.91E52	1.69E63	568.30	2.32E52	4.56E62	389.34	6.12E50	6.27E60	203.43	9.20E51	4.64E62	1003.2	
24.0	6.08E52	1.73E63	565.82	2.43E52	4.75E62	388.46	6.63E50	6.79E60	203.26	9.26E51	4.68E62	1003.1	
24.5	6.40E52	1.82E63	566.23	2.55E52	4.98E62	388.25	7.09E50	7.25E60	203.13	9.83E51	4.97E62	1003.2	
25.0	6.66E52	1.89E63	564.62	2.68E52	5.22E62	387.54	7.70E50	7.86E60	202.97	1.01E52	5.11E62	1003.2	
25.5	6.91E52	1.96E63	563.05	2.80E52	5.46E62	386.97	8.26E50	8.43E60	202.84	1.04E52	5.23E62	1003.1	
26.0	7.12E52	2.01E63	561.91	2.91E52	5.66E62	386.50	8.76E50	8.94E60	202.73	1.06E52	5.34E62	1003.1	
26.5	7.34E52	2.07E63	561.30	3.01E52	5.84E62	386.01	9.30E50	9.49E60	202.56	1.09E52	5.50E62	1003.1	
27.0	7.63E52	2.15E63	560.44	3.14E52	6.10E62	385.51	9.95E50	1.01E61	202.44	1.13E52	5.69E62	1003.1	
27.5	7.86E52	2.21E63	558.28	3.27E52	6.34E62	384.84	1.06E51	1.08E61	202.31	1.14E52	5.74E62	1003.0	
28.0	8.12E52	2.28E63	558.17	3.39E52	6.55E62	384.48	1.12E51	1.14E61	202.17	1.18E52	5.96E62	1003.1	
28.5	8.29E52	2.32E63	555.71	3.51E52	6.78E62	383.78	1.19E51	1.21E61	202.07	1.18E52	5.94E62	1003.0	
29.0	8.61E52	2.41E63	555.50	3.64E52	7.04E62	383.44	1.26E51	1.28E61	201.93	1.22E52	6.18E62	1003.0	
29.5	8.78E52	2.44E63	552.97	3.77E52	7.26E62	382.71	1.34E51	1.36E61	201.83	1.22E52	6.14E62	1002.9	
30.0	9.10E52	2.54E63	553.75	3.89E52	7.49E62	382.48	1.41E51	1.43E61	201.68	1.28E52	6.47E62	1003.0	
30.5	9.26E52	2.57E63	551.03	4.02E52	7.72E62	381.83	1.48E51	1.50E61	201.61	1.27E52	6.39E62	1002.9	
31.0	9.50E52	2.63E63	549.81	4.15E52	7.96E62	381.30	1.56E51	1.59E61	201.48	1.29E52	6.49E62	1002.8	
31.5	9.93E52	2.76E63	551.14	4.31E52	8.26E62	381.24	1.64E51	1.67E61	201.36	1.37E52	6.94E62	1003.0	
32.0	1.00E53	2.78E63	548.74	4.41E52	8.46E62	380.57	1.72E51	1.75E61	201.26	1.36E52	6.85E62	1002.8	
32.5	1.04E53	2.88E63	549.25	4.57E52	8.74E62	380.38	1.81E51	1.83E61	201.15	1.42E52	7.18E62	1002.9	
33.0	1.06E53	2.94E63	547.91	4.70E52	8.98E62	379.91	1.89E51	1.91E61	201.06	1.44E52	7.25E62	1002.8	
33.5	1.10E53	3.05E63	549.19	4.83E52	9.23E62	379.77	1.97E51	1.99E61	200.94	1.52E52	7.68E62	1003.1	
34.0	1.11E53	3.04E63	544.89	4.97E52	9.47E62	378.91	2.07E51	2.10E61	200.86	1.45E52	7.33E62	1002.8	
34.5	1.14E53	3.13E63	545.61	5.09E52	9.71E62	378.79	2.15E51	2.17E61	200.75	1.51E52	7.65E62	1002.8	
35.0	1.17E53	3.20E63	544.39	5.24E52	9.98E62	378.27	2.25E51	2.28E61	200.66	1.54E52	7.76E62	1002.8	
36.0	1.21E53	3.30E63	541.81	5.51E52	1.05E63	377.46	2.44E51	2.46E61	200.48	1.55E52	7.83E62	1002.7	
37.0	1.26E53	3.44E63	540.52	5.79E52	1.10E63	376.80	2.63E51	2.65E61	200.31	1.61E52	8.11E62	1002.8	
38.0	1.31E53	3.56E63	539.91	6.03E52	1.14E63	375.93	2.83E51	2.85E61	200.13	1.70E52	8.59E62	1003.0	
39.0	1.35E53	3.65E63	536.69	6.31E52	1.19E63	375.16	3.04E51	3.06E61	199.97	1.70E52	8.58E62	1003.0	
40.0	1.43E53	3.86E63	537.06	6.66E52	1.26E63	374.95	3.26E51	3.28E61	199.81	1.78E52	8.99E62	1002.7	
41.0	1.48E53	4.00E63	536.91	6.90E52	1.30E63	374.23	3.47E51	3.49E61	199.65	1.89E52	9.53E62	1003.0	
42.0	1.54E53	4.15E63	535.99	7.21E52	1.36E63	373.81	3.69E51	3.71E61	199.50	1.94E52	9.79E62	1002.9	
43.0	1.60E53	4.30E63	535.17	7.51E52	1.41E63	373.32	3.92E51	3.94E61	199.35	2.00E52	1.01E63	1002.8	
44.0	1.65E53	4.43E63	533.81	7.81E52	1.47E63	372.83	4.15E51	4.16E61	199.22	2.04E52	1.03E63	1002.8	
45.0	1.67E53	4.46E63	530.87	8.03E52	1.50E63	371.73	4.40E51	4.41E61	199.09	2.04E52	1.03E63	1002.9	
50.0	1.94E53	5.13E63	526.55	9.50E52	1.77E63	369.41	5.66E51	5.65E61	198.46	2.33E52	1.18E63	1003.2	
55.0	2.15E53	5.61E63	518.97	1.09E53	2.01E63	366.95	7.02E51	6.99E61	197.92	2.41E52	1.21E63	1003.1	
60.0	2.47E53	6.47E63	519.42	1.25E53	2.31E63	365.74	8.47E51	8.42E61	197.47	2.84E52	1.43E63	1003.0	
65.0	2.69E53	6.95E63	514.29	1.39E53	2.55E63	363.80	9.96E51	9.88E61	197.05	3.01E52	1.52E63	1003.3	
70.0	3.00E53	7.77E63	514.46	1.55E53	2.83E63	362.90	1.15E52	1.14E62	196.69	3.38E52	1.71E63	1003.1	
75.0	3.19E53	8.15E63	506.99	1.70E53	3.10E63	361.58	1.31E52	1.30E62	196.39	3.17E52	1.60E63	1002.3	
80.0	3.46E53	8.81E63	505.78	1.86E53	3.37E63	360.48	1.47E52	1.46E62	196.11	3.57E52	1.80E63	1003.1	
85.0	3.73E53	9.48E63	504.49	2.01E53	3.64E63	359.66	1.64E52	1.62E62	195.88	3.85E52	1.95E63	1003.1	
90.0	4.00E53	1.01E64	502.85	2.17E53	3.92E63	358.90	1.81E52	1.78E62	195.67	4.06E52	2.05E63	1003.0	
95.0	4.11E53	1.06E64	511.09	2.15E53	3.88E63	358.57	1.87E52	1.83E62	195.11	4.77E52	2.41E63	1003.6	
100.0	4.66E53	1.18E64	504.89	2.51E53	4.52E63	358.10	2.16E52	2.12E62	195.29	4.95E52	2.50E63	1003.1	
