27500 3.000 4.621474E+12 4.759705E+12 4.872290E+12 4.980038E+12 5.033346E+12 5.083549E+12 5.096214E+12 5.105679E+12 5.108650E+12 5.100161E+12
27500 3.250 5.056075E+12 5.199857E+12 5.313811E+12 5.426462E+12 5.485607E+12 5.545601E+12 5.560317E+12 5.577186E+12 5.586608E+12 5.587750E+12
27500 3.500 5.309766E+12 5.440650E+12 5.544901E+12 5.643292E+12 5.697223E+12 5.752760E+12 5.768904E+12 5.782974E+12 5.798278E+12 5.800566E+12
27500 3.750 5.462944E+12 5.579360E+12 5.669486E+12 5.755751E+12 5.800656E+12 5.844732E+12 5.856918E+12 5.867736E+12 5.877079E+12 5.879188E+12
27500 4.000 5.565890E+12 5.670725E+12 5.750929E+12 5.825463E+12 5.862476E+12 5.894442E+12 5.903806E+12 5.909602E+12 5.914585E+12 5.911906E+12
27500 4.250 5.644045E+12 5.740220E+12 5.812872E+12 5.877677E+12 5.909011E+12 5.932550E+12 5.938117E+12 5.940084E+12 5.939404E+12 5.937716E+12
27500 4.500 5.707394E+12 5.800104E+12 5.866799E+12 5.924968E+12 5.950403E+12 5.967669E+12 5.969763E+12 5.969111E+12 5.964463E+12 5.961920E+12
27500 4.750 5.768781E+12 5.856242E+12 5.917940E+12 5.969646E+12 5.990613E+12 6.002206E+12 6.002335E+12 5.999699E+12 5.992199E+12 5.989831E+12
30000 3.000 5.512179E+12 5.616652E+12 5.709914E+12 5.809351E+12 5.865805E+12 5.929150E+12 5.946384E+12 5.954022E+12 5.936940E+12 5.921464E+12
30000 3.250 6.257484E+12 6.451590E+12 6.612364E+12 6.768085E+12 6.851329E+12 6.928550E+12 6.949633E+12 6.965148E+12 6.968058E+12 6.956995E+12
30000 3.500 6.782816E+12 7.002997E+12 7.177076E+12 7.348522E+12 7.438299E+12 7.525168E+12 7.547975E+12 7.565894E+12 7.577814E+12 7.572503E+12
30000 3.750 7.151877E+12 7.368331E+12 7.539832E+12 7.706419E+12 7.794293E+12 7.881512E+12 7.905273E+12 7.924758E+12 7.940450E+12 7.941221E+12
30000 4.000 7.423286E+12 7.626034E+12 7.783918E+12 7.935323E+12 8.013093E+12 8.093055E+12 8.114956E+12 8.134104E+12 8.151779E+12 8.151913E+12
30000 4.250 7.628520E+12 7.814573E+12 7.956375E+12 8.088726E+12 8.154859E+12 8.220927E+12 8.240758E+12 8.256991E+12 8.270781E+12 8.271851E+12
30000 4.500 7.787835E+12 7.961478E+12 8.085361E+12 8.199725E+12 8.256398E+12 8.308855E+12 8.324939E+12 8.337034E+12 8.348422E+12 8.348283E+12
30000 4.750 7.919913E+12 8.079977E+12 8.188937E+12 8.288565E+12 8.335060E+12 8.378547E+12 8.391234E+12 8.400169E+12 8.407653E+12 8.407243E+12
32500 3.000 0.000000E+00 0.000000E+00 0.000000E+00 0.000000E+00 0.000000E+00 0.000000E+00 0.000000E+00 0.000000E+00 0.000000E+00 0.000000E+00
32500 3.250 7.442725E+12 7.594777E+12 7.726166E+12 7.865486E+12 7.945097E+12 8.030041E+12 8.044481E+12 8.045083E+12 8.021141E+12 8.000252E+12
32500 3.500 8.205511E+12 8.450898E+12 8.651907E+12 8.852631E+12 8.958462E+12 9.062136E+12 9.089009E+12 9.106638E+12 9.092945E+12 9.072078E+12
32500 3.750 8.774577E+12 9.062388E+12 9.298675E+12 9.526672E+12 9.645092E+12 9.757013E+12 9.784145E+12 9.803526E+12 9.808366E+12 9.793795E+12
32500 4.000 9.218589E+12 9.526185E+12 9.770073E+12 1.000551E+13 1.013038E+13 1.024331E+13 1.027248E+13 1.029318E+13 1.030450E+13 1.029813E+13
32500 4.250 9.582435E+12 9.891963E+12 1.013712E+13 1.036869E+13 1.048613E+13 1.059596E+13 1.062346E+13 1.064445E+13 1.065932E+13 1.065687E+13
32500 4.500 9.886429E+12 1.019042E+13 1.042487E+13 1.064112E+13 1.074984E+13 1.085216E+13 1.087929E+13 1.089937E+13 1.091628E+13 1.091434E+13
32500 4.750 1.015140E+13 1.044128E+13 1.065826E+13 1.085683E+13 1.095498E+13 1.104521E+13 1.106985E+13 1.108810E+13 1.110414E+13 1.110270E+13
35000 3.000 0.000000E+00 0.000000E+00 0.000000E+00 0.000000E+00 0.000000E+00 0.000000E+00 0.000000E+00 0.000000E+00 0.000000E+00 0.000000E+00
35000 3.250 8.415891E+12 8.493850E+12 8.569565E+12 8.656147E+12 8.705769E+12 8.743611E+12 8.747906E+12 8.746383E+12 8.726732E+12 8.708402E+12
35000 3.500 9.673890E+12 9.867306E+12 1.003686E+13 1.019836E+13 1.029243E+13 1.036304E+13 1.036594E+13 1.035827E+13 1.032565E+13 1.029734E+13
35000 3.750 1.044755E+13 1.072663E+13 1.096329E+13 1.119038E+13 1.131414E+13 1.141051E+13 1.142061E+13 1.141503E+13 1.138537E+13 1.135743E+13
35000 4.000 1.103128E+13 1.137027E+13 1.164735E+13 1.190759E+13 1.204577E+13 1.216188E+13 1.218022E+13 1.218059E+13 1.216037E+13 1.213337E+13
35000 4.250 1.151592E+13 1.189144E+13 1.219218E+13 1.247601E+13 1.261470E+13 1.273263E+13 1.275483E+13 1.276215E+13 1.274448E+13 1.272898E+13
35000 4.500 1.193512E+13 1.233166E+13 1.264200E+13 1.292673E+13 1.306841E+13 1.318459E+13 1.320751E+13 1.321881E+13 1.321206E+13 1.319982E+13
35000 4.750 1.231252E+13 1.271331E+13 1.302284E+13 1.330709E+13 1.344170E+13 1.355165E+13 1.357378E+13 1.358773E+13 1.358703E+13 1.357792E+13
37500 3.000 0.000000E+00 0.000000E+00 0.000000E+00 0.000000E+00 0.000000E+00 0.000000E+00 0.000000E+00 0.000000E+00 0.000000E+00 0.000000E+00
37500 3.250 0.000000E+00 0.000000E+00 0.000000E+00 0.000000E+00 0.000000E+00 0.000000E+00 0.000000E+00 0.000000E+00 0.000000E+00 0.000000E+00
37500 3.500 1.099897E+13 1.112859E+13 1.123729E+13 1.134440E+13 1.138801E+13 1.140466E+13 1.140144E+13 1.139180E+13 1.136156E+13 1.133052E+13
37500 3.750 1.215575E+13 1.238003E+13 1.256408E+13 1.274659E+13 1.282408E+13 1.284324E+13 1.283258E+13 1.281860E+13 1.277183E+13 1.273619E+13
37500 4.000 1.293525E+13 1.323687E+13 1.348475E+13 1.371848E+13 1.382471E+13 1.385729E+13 1.384412E+13 1.382675E+13 1.377676E+13 1.373815E+13
37500 4.250 1.353233E+13 1.389505E+13 1.418698E+13 1.445492E+13 1.457632E+13 1.462719E+13 1.461505E+13 1.459059E+13 1.454038E+13 1.450978E+13
37500 4.500 1.402112E+13 1.443925E+13 1.475862E+13 1.504551E+13 1.517319E+13 1.523783E+13 1.522893E+13 1.520597E+13 1.515853E+13 1.513184E+13
37500 4.750 1.447147E+13 1.491043E+13 1.524456E+13 1.554158E+13 1.566959E+13 1.573812E+13 1.573318E+13 1.571375E+13 1.567205E+13 1.564840E+13
40000 3.000 0.000000E+00 0.000000E+00 0.000000E+00 0.000000E+00 0.000000E+00 0.000000E+00 0.000000E+00 0.000000E+00 0.000000E+00 0.000000E+00
40000 3.250 0.000000E+00 0.000000E+00 0.000000E+00 0.000000E+00 0.000000E+00 0.000000E+00 0.000000E+00 0.000000E+00 0.000000E+00 0.000000E+00
40000 3.500 1.198269E+13 1.205568E+13 1.211911E+13 1.218053E+13 1.220983E+13 1.223396E+13 1.223770E+13 1.223512E+13 1.221378E+13 1.218735E+13
40000 3.750 1.376802E+13 1.393550E+13 1.406303E+13 1.415904E+13 1.417611E+13 1.415842E+13 1.414559E+13 1.412586E+13 1.407653E+13 1.403538E+13
40000 4.000 1.483996E+13 1.509052E+13 1.527568E+13 1.543285E+13 1.546453E+13 1.541752E+13 1.539415E+13 1.536387E+13 1.530086E+13 1.525677E+13
40000 4.250 1.560457E+13 1.591752E+13 1.615822E+13 1.635771E+13 1.640093E+13 1.634873E+13 1.631728E+13 1.627914E+13 1.621398E+13 1.616586E+13
40000 4.500 1.619809E+13 1.657335E+13 1.685074E+13 1.707837E+13 1.713781E+13 1.708239E+13 1.704580E+13 1.700321E+13 1.693010E+13 1.688926E+13
40000 4.750 1.671024E+13 1.711957E+13 1.742338E+13 1.766905E+13 1.773574E+13 1.768356E+13 1.764464E+13 1.759923E+13 1.752774E+13 1.749023E+13
42500 3.000 0.000000E+00 0.000000E+00 0.000000E+00 0.000000E+00 0.000000E+00 0.000000E+00 0.000000E+00 0.000000E+00 0.000000E+00 0.000000E+00
42500 3.250 0.000000E+00 0.000000E+00 0.000000E+00 0.000000E+00 0.000000E+00 0.000000E+00 0.000000E+00 0.000000E+00 0.000000E+00 0.000000E+00
42500 3.500 0.000000E+00 0.000000E+00 0.000000E+00 0.000000E+00 0.000000E+00 0.000000E+00 0.000000E+00 0.000000E+00 0.000000E+00 0.000000E+00
42500 3.750 1.520292E+13 1.530726E+13 1.537445E+13 1.541179E+13 1.541624E+13 1.540239E+13 1.539236E+13 1.537482E+13 1.532662E+13 1.528237E+13
42500 4.000 1.668951E+13 1.687591E+13 1.699758E+13 1.704554E+13 1.702205E+13 1.696029E+13 1.693425E+13 1.690092E+13 1.682930E+13 1.677473E+13
42500 4.250 1.767733E+13 1.792980E+13 1.810413E+13 1.817783E+13 1.813980E+13 1.804201E+13 1.800336E+13 1.795712E+13 1.787114E+13 1.781636E+13
42500 4.500 1.841445E+13 1.872122E+13 1.893396E+13 1.903635E+13 1.899129E+13 1.886411E+13 1.881548E+13 1.876645E+13 1.866885E+13 1.861406E+13
42500 4.750 1.901072E+13 1.935638E+13 1.959507E+13 1.971975E+13 1.967277E+13 1.952573E+13 1.946964E+13 1.940980E+13 1.931511E+13 1.926251E+13
45000 3.000 0.000000E+00 0.000000E+00 0.000000E+00 0.000000E+00 0.000000E+00 0.000000E+00 0.000000E+00 0.000000E+00 0.000000E+00 0.000000E+00
45000 3.250 0.000000E+00 0.000000E+00 0.000000E+00 0.000000E+00 0.000000E+00 0.000000E+00 0.000000E+00 0.000000E+00 0.000000E+00 0.000000E+00
45000 3.500 0.000000E+00 0.000000E+00 0.000000E+00 0.000000E+00 0.000000E+00 0.000000E+00 0.000000E+00 0.000000E+00 0.000000E+00 0.000000E+00
45000 3.750 1.640090E+13 1.643540E+13 1.646145E+13 1.650690E+13 1.650291E+13 1.651150E+13 1.650900E+13 1.649822E+13 1.645713E+13 1.641599E+13
45000 4.000 1.844328E+13 1.855341E+13 1.859910E+13 1.859164E+13 1.856091E+13 1.850081E+13 1.847479E+13 1.844014E+13 1.836122E+13 1.829956E+13
45000 4.250 1.972181E+13 1.990263E+13 1.998336E+13 1.995183E+13 1.988192E+13 1.976986E+13 1.972759E+13 1.967607E+13 1.957588E+13 1.950893E+13
45000 4.500 2.062977E+13 2.086538E+13 2.097965E+13 2.093792E+13 2.083715E+13 2.068129E+13 2.062567E+13 2.056241E+13 2.045179E+13 2.038198E+13
45000 4.750 2.133094E+13 2.160525E+13 2.174647E+13 2.170274E+13 2.157721E+13 2.138490E+13 2.131874E+13 2.124821E+13 2.113116E+13 2.106340E+13
47500 3.000 0.000000E+00 0.000000E+00 0.000000E+00 0.000000E+00 0.000000E+00 0.000000E+00 0.000000E+00 0.000000E+00 0.000000E+00 0.000000E+00
47500 3.250 0.000000E+00 0.000000E+00 0.000000E+00 0.000000E+00 0.000000E+00 0.000000E+00 0.000000E+00 0.000000E+00 0.000000E+00 0.000000E+00
47500 3.500 0.000000E+00 0.000000E+00 0.000000E+00 0.000000E+00 0.000000E+00 0.000000E+00 0.000000E+00 0.000000E+00 0.000000E+00 0.000000E+00
47500 3.750 1.724921E+13 1.724676E+13 1.725409E+13 1.728373E+13 1.730854E+13 1.733890E+13 1.734986E+13 1.735419E+13 1.734447E+13 1.732130E+13
47500 4.000 2.007483E+13 2.010418E+13 2.010105E+13 2.007838E+13 2.005391E+13 2.000503E+13 1.997990E+13 1.994720E+13 1.986518E+13 1.980258E+13
47500 4.250 2.170681E+13 2.179127E+13 2.179061E+13 2.171753E+13 2.164362E+13 2.152742E+13 2.148274E+13 2.142848E+13 2.131461E+13 2.124041E+13
47500 4.500 2.282525E+13 2.296328E+13 2.297156E+13 2.284823E+13 2.272423E+13 2.255481E+13 2.249410E+13 2.242356E+13 2.229535E+13 2.221399E+13
47500 4.750 2.365688E+13 2.383675E+13 2.385417E+13 2.368874E+13 2.352394E+13 2.330752E+13 2.323386E+13 2.315384E+13 2.301467E+13 2.293324E+13
50000 3.000 0.000000E+00 0.000000E+00 0.000000E+00 0.000000E+00 0.000000E+00 0.000000E+00 0.000000E+00 0.000000E+00 0.000000E+00 0.000000E+00
50000 3.250 0.000000E+00 0.000000E+00 0.000000E+00 0.000000E+00 0.000000E+00 0.000000E+00 0.000000E+00 0.000000E+00 0.000000E+00 0.000000E+00
50000 3.500 0.000000E+00 0.000000E+00 0.000000E+00 0.000000E+00 0.000000E+00 0.000000E+00 0.000000E+00 0.000000E+00 0.000000E+00 0.000000E+00
50000 3.750 0.000000E+00 0.000000E+00 0.000000E+00 0.000000E+00 0.000000E+00 0.000000E+00 0.000000E+00 0.000000E+00 0.000000E+00 0.000000E+00
50000 4.000 2.157898E+13 2.154957E+13 2.151463E+13 2.147591E+13 2.145396E+13 2.141410E+13 2.139551E+13 2.136699E+13 2.129471E+13 2.123796E+13
50000 4.250 2.362233E+13 2.361859E+13 2.356745E+13 2.347907E+13 2.340520E+13 2.329060E+13 2.324463E+13 2.318778E+13 2.306530E+13 2.298807E+13
50000 4.500 2.497378E+13 2.500120E+13 2.493325E+13 2.477533E+13 2.464965E+13 2.447178E+13 2.440651E+13 2.433300E+13 2.418616E+13 2.409523E+13
50000 4.750 2.595929E+13 2.601562E+13 2.592936E+13 2.570139E+13 2.552419E+13 2.529322E+13 2.521281E+13 2.512399E+13 2.496415E+13 2.487018E+13
52500 3.000 0.000000E+00 0.000000E+00 0.000000E+00 0.000000E+00 0.000000E+00 0.000000E+00 0.000000E+00 0.000000E+00 0.000000E+00 0.000000E+00
52500 3.250 0.000000E+00 0.000000E+00 0.000000E+00 0.000000E+00 0.000000E+00 0.000000E+00 0.000000E+00 0.000000E+00 0.000000E+00 0.000000E+00
52500 3.500 0.000000E+00 0.000000E+00 0.000000E+00 0.000000E+00 0.000000E+00 0.000000E+00 0.000000E+00 0.000000E+00 0.000000E+00 0.000000E+00
52500 3.750 0.000000E+00 0.000000E+00 0.000000E+00 0.000000E+00 0.000000E+00 0.000000E+00 0.000000E+00 0.000000E+00 0.000000E+00 0.000000E+00
52500 4.000 2.285740E+13 2.279610E+13 2.274392E+13 2.269557E+13 2.267163E+13 2.264856E+13 2.264072E+13 2.262802E+13 2.258603E+13 2.254590E+13
52500 4.250 2.548859E+13 2.541715E+13 2.532983E+13 2.522171E+13 2.514417E+13 2.503278E+13 2.498782E+13 2.493183E+13 2.480793E+13 2.473342E+13
52500 4.500 2.708210E+13 2.701791E+13 2.690366E+13 2.672677E+13 2.659972E+13 2.641389E+13 2.634507E+13 2.626313E+13 2.610978E+13 2.601293E+13
52500 4.750 2.821944E+13 2.816111E+13 2.801023E+13 2.775916E+13 2.757270E+13 2.732656E+13 2.723998E+13 2.714338E+13 2.696625E+13 2.686192E+13
55000 3.000 0.000000E+00 0.000000E+00 0.000000E+00 0.000000E+00 0.000000E+00 0.000000E+00 0.000000E+00 0.000000E+00 0.000000E+00 0.000000E+00
55000 3.250 0.000000E+00 0.000000E+00 0.000000E+00 0.000000E+00 0.000000E+00 0.000000E+00 0.000000E+00 0.000000E+00 0.000000E+00 0.000000E+00
55000 3.500 0.000000E+00 0.000000E+00 0.000000E+00 0.000000E+00 0.000000E+00 0.000000E+00 0.000000E+00 0.000000E+00 0.000000E+00 0.000000E+00
55000 3.750 0.000000E+00 0.000000E+00 0.000000E+00 0.000000E+00 0.000000E+00 0.000000E+00 0.000000E+00 0.000000E+00 0.000000E+00 0.000000E+00
55000 4.000 2.368267E+13 2.361588E+13 2.356380E+13 2.352521E+13 2.352040E+13 2.354191E+13 2.355863E+13 2.357916E+13 2.361620E+13 2.361404E+13
55000 4.250 2.729002E+13 2.716811E+13 2.704835E+13 2.691484E+13 2.683322E+13 2.672735E+13 2.668765E+13 2.663771E+13 2.653426E+13 2.645703E+13
55000 4.500 2.917742E+13 2.904469E+13 2.888719E+13 2.868908E+13 2.855505E+13 2.836713E+13 2.829723E+13 2.821334E+13 2.805720E+13 2.795785E+13
55000 4.750 3.045970E+13 3.031338E+13 3.011706E+13 2.984446E+13 2.965081E+13 2.939431E+13 2.930285E+13 2.920042E+13 2.901155E+13 2.890017E+13
