27500 3.000  1.6023E+13 1.6049E+13 1.6040E+13 1.6010E+13 1.5970E+13 1.5813E+13 1.5645E+13 1.5307E+13 1.4953E+13 1.4519E+13
27500 3.250  1.7554E+13 1.7551E+13 1.7521E+13 1.7468E+13 1.7422E+13 1.7234E+13 1.7048E+13 1.6694E+13 1.6336E+13 1.5884E+13
27500 3.500  1.8223E+13 1.8216E+13 1.8168E+13 1.8124E+13 1.8073E+13 1.7898E+13 1.7729E+13 1.7420E+13 1.7092E+13 1.6681E+13
27500 3.750  1.8470E+13 1.8463E+13 1.8434E+13 1.8400E+13 1.8362E+13 1.8223E+13 1.8082E+13 1.7811E+13 1.7528E+13 1.7162E+13
27500 4.000  1.8573E+13 1.8581E+13 1.8566E+13 1.8547E+13 1.8518E+13 1.8418E+13 1.8301E+13 1.8067E+13 1.7815E+13 1.7486E+13
27500 4.250  1.8654E+13 1.8659E+13 1.8661E+13 1.8655E+13 1.8638E+13 1.8564E+13 1.8465E+13 1.8262E+13 1.8033E+13 1.7731E+13
27500 4.500  1.8730E+13 1.8738E+13 1.8753E+13 1.8755E+13 1.8748E+13 1.8694E+13 1.8614E+13 1.8431E+13 1.8222E+13 1.7930E+13
27500 4.750  1.8818E+13 1.8825E+13 1.8849E+13 1.8857E+13 1.8856E+13 1.8820E+13 1.8754E+13 1.8592E+13 1.8398E+13 1.8123E+13
30000 3.000  1.8603E+13 1.8651E+13 1.8705E+13 1.8681E+13 1.8627E+13 1.8428E+13 1.8251E+13 1.7938E+13 1.7645E+13 1.7317E+13
30000 3.250  2.1856E+13 2.1891E+13 2.1882E+13 2.1833E+13 2.1767E+13 2.1524E+13 2.1263E+13 2.0773E+13 2.0268E+13 1.9658E+13
30000 3.500  2.3790E+13 2.3806E+13 2.3769E+13 2.3713E+13 2.3641E+13 2.3368E+13 2.3086E+13 2.2547E+13 2.2001E+13 2.1309E+13
30000 3.750  2.4948E+13 2.4946E+13 2.4896E+13 2.4835E+13 2.4761E+13 2.4486E+13 2.4210E+13 2.3687E+13 2.3148E+13 2.2468E+13
30000 4.000  2.5610E+13 2.5610E+13 2.5554E+13 2.5494E+13 2.5425E+13 2.5174E+13 2.4930E+13 2.4454E+13 2.3958E+13 2.3321E+13
30000 4.250  2.5987E+13 2.5983E+13 2.5940E+13 2.5889E+13 2.5827E+13 2.5619E+13 2.5411E+13 2.4996E+13 2.4550E+13 2.3966E+13
30000 4.500  2.6227E+13 2.6227E+13 2.6192E+13 2.6154E+13 2.6103E+13 2.5938E+13 2.5760E+13 2.5401E+13 2.5012E+13 2.4466E+13
30000 4.750  2.6412E+13 2.6413E+13 2.6390E+13 2.6362E+13 2.6322E+13 2.6185E+13 2.6039E+13 2.5726E+13 2.5384E+13 2.4881E+13
32500 3.000  0.0000E+00 0.0000E+00 0.0000E+00 0.0000E+00 0.0000E+00 0.0000E+00 0.0000E+00 0.0000E+00 0.0000E+00 0.0000E+00
32500 3.250  2.5134E+13 2.5199E+13 2.5274E+13 2.5272E+13 2.5227E+13 2.4960E+13 2.4710E+13 2.4272E+13 2.3860E+13 2.3382E+13
32500 3.500  2.8501E+13 2.8566E+13 2.8609E+13 2.8554E+13 2.8470E+13 2.8144E+13 2.7811E+13 2.7181E+13 2.6549E+13 2.5778E+13
32500 3.750  3.0768E+13 3.0814E+13 3.0799E+13 3.0738E+13 3.0653E+13 3.0301E+13 2.9929E+13 2.9213E+13 2.8470E+13 2.7566E+13
32500 4.000  3.2353E+13 3.2373E+13 3.2337E+13 3.2272E+13 3.2180E+13 3.1826E+13 3.1433E+13 3.0694E+13 2.9927E+13 2.8961E+13
32500 4.250  3.3480E+13 3.3487E+13 3.3441E+13 3.3375E+13 3.3288E+13 3.2943E+13 3.2574E+13 3.1847E+13 3.1077E+13 3.0104E+13
32500 4.500  3.4288E+13 3.4295E+13 3.4241E+13 3.4178E+13 3.4093E+13 3.3772E+13 3.3430E+13 3.2751E+13 3.2014E+13 3.1059E+13
32500 4.750  3.4880E+13 3.4885E+13 3.4834E+13 3.4777E+13 3.4700E+13 3.4416E+13 3.4108E+13 3.3484E+13 3.2802E+13 3.1892E+13
35000 3.000  0.0000E+00 0.0000E+00 0.0000E+00 0.0000E+00 0.0000E+00 0.0000E+00 0.0000E+00 0.0000E+00 0.0000E+00 0.0000E+00
35000 3.250  2.7358E+13 2.7416E+13 2.7478E+13 2.7482E+13 2.7469E+13 2.7350E+13 2.7194E+13 2.6922E+13 2.6684E+13 2.6439E+13
35000 3.500  3.2350E+13 3.2439E+13 3.2541E+13 3.2566E+13 3.2556E+13 3.2335E+13 3.2039E+13 3.1532E+13 3.0999E+13 3.0391E+13
35000 3.750  3.5680E+13 3.5768E+13 3.5861E+13 3.5879E+13 3.5847E+13 3.5544E+13 3.5156E+13 3.4442E+13 3.3699E+13 3.2822E+13
35000 4.000  3.8118E+13 3.8203E+13 3.8266E+13 3.8265E+13 3.8208E+13 3.7843E+13 3.7409E+13 3.6591E+13 3.5721E+13 3.4656E+13
35000 4.250  3.9989E+13 4.0038E+13 4.0093E+13 4.0070E+13 4.0001E+13 3.9630E+13 3.9195E+13 3.8303E+13 3.7358E+13 3.6178E+13
35000 4.500  4.1468E+13 4.1507E+13 4.1528E+13 4.1493E+13 4.1421E+13 4.1056E+13 4.0611E+13 3.9716E+13 3.8741E+13 3.7495E+13
35000 4.750  4.2656E+13 4.2685E+13 4.2687E+13 4.2643E+13 4.2574E+13 4.2228E+13 4.1805E+13 4.0912E+13 3.9940E+13 3.8681E+13
37500 3.000  0.0000E+00 0.0000E+00 0.0000E+00 0.0000E+00 0.0000E+00 0.0000E+00 0.0000E+00 0.0000E+00 0.0000E+00 0.0000E+00
37500 3.250  0.0000E+00 0.0000E+00 0.0000E+00 0.0000E+00 0.0000E+00 0.0000E+00 0.0000E+00 0.0000E+00 0.0000E+00 0.0000E+00
37500 3.500  3.5596E+13 3.5693E+13 3.5788E+13 3.5819E+13 3.5829E+13 3.5776E+13 3.5639E+13 3.5303E+13 3.4962E+13 3.4554E+13
37500 3.750  4.0012E+13 4.0124E+13 4.0271E+13 4.0315E+13 4.0348E+13 4.0288E+13 4.0045E+13 3.9471E+13 3.8893E+13 3.8188E+13
37500 4.000  4.3160E+13 4.3281E+13 4.3438E+13 4.3493E+13 4.3534E+13 4.3432E+13 4.3098E+13 4.2364E+13 4.1585E+13 4.0637E+13
37500 4.250  4.5584E+13 4.5680E+13 4.5838E+13 4.5915E+13 4.5953E+13 4.5793E+13 4.5411E+13 4.4570E+13 4.3653E+13 4.2513E+13
37500 4.500  4.7538E+13 4.7622E+13 4.7771E+13 4.7843E+13 4.7871E+13 4.7668E+13 4.7267E+13 4.6366E+13 4.5362E+13 4.4049E+13
37500 4.750  4.9161E+13 4.9235E+13 4.9366E+13 4.9427E+13 4.9443E+13 4.9227E+13 4.8825E+13 4.7892E+13 4.6842E+13 4.5463E+13
40000 3.000  0.0000E+00 0.0000E+00 0.0000E+00 0.0000E+00 0.0000E+00 0.0000E+00 0.0000E+00 0.0000E+00 0.0000E+00 0.0000E+00
40000 3.250  0.0000E+00 0.0000E+00 0.0000E+00 0.0000E+00 0.0000E+00 0.0000E+00 0.0000E+00 0.0000E+00 0.0000E+00 0.0000E+00
40000 3.500  3.8288E+13 3.8371E+13 3.8438E+13 3.8446E+13 3.8434E+13 3.8358E+13 3.8266E+13 3.8073E+13 3.7874E+13 3.7645E+13
40000 3.750  4.4093E+13 4.4223E+13 4.4378E+13 4.4440E+13 4.4480E+13 4.4536E+13 4.4482E+13 4.4180E+13 4.3780E+13 4.3254E+13
40000 4.000  4.7931E+13 4.8069E+13 4.8267E+13 4.8362E+13 4.8436E+13 4.8583E+13 4.8484E+13 4.7990E+13 4.7408E+13 4.6621E+13
40000 4.250  5.0787E+13 5.0938E+13 5.1142E+13 5.1262E+13 5.1361E+13 5.1525E+13 5.1389E+13 5.0763E+13 5.0006E+13 4.9023E+13
40000 4.500  5.3059E+13 5.3187E+13 5.3417E+13 5.3551E+13 5.3666E+13 5.3840E+13 5.3653E+13 5.2938E+13 5.2067E+13 5.0888E+13
40000 4.750  5.4947E+13 5.5065E+13 5.5290E+13 5.5432E+13 5.5555E+13 5.5718E+13 5.5509E+13 5.4737E+13 5.3783E+13 5.2497E+13
42500 3.000  0.0000E+00 0.0000E+00 0.0000E+00 0.0000E+00 0.0000E+00 0.0000E+00 0.0000E+00 0.0000E+00 0.0000E+00 0.0000E+00
42500 3.250  0.0000E+00 0.0000E+00 0.0000E+00 0.0000E+00 0.0000E+00 0.0000E+00 0.0000E+00 0.0000E+00 0.0000E+00 0.0000E+00
42500 3.500  0.0000E+00 0.0000E+00 0.0000E+00 0.0000E+00 0.0000E+00 0.0000E+00 0.0000E+00 0.0000E+00 0.0000E+00 0.0000E+00
42500 3.750  4.8011E+13 4.8150E+13 4.8301E+13 4.8357E+13 4.8388E+13 4.8432E+13 4.8418E+13 4.8300E+13 4.8089E+13 4.7761E+13
42500 4.000  5.2699E+13 5.2871E+13 5.3096E+13 5.3201E+13 5.3282E+13 5.3476E+13 5.3550E+13 5.3399E+13 5.3017E+13 5.2432E+13
42500 4.250  5.5972E+13 5.6144E+13 5.6414E+13 5.6559E+13 5.6681E+13 5.6988E+13 5.7107E+13 5.6876E+13 5.6328E+13 5.5535E+13
42500 4.500  5.8478E+13 5.8650E+13 5.8957E+13 5.9111E+13 5.9263E+13 5.9663E+13 5.9804E+13 5.9483E+13 5.8814E+13 5.7851E+13
42500 4.750  6.0515E+13 6.0680E+13 6.0978E+13 6.1166E+13 6.1342E+13 6.1804E+13 6.1951E+13 6.1560E+13 6.0810E+13 5.9724E+13
45000 3.000  0.0000E+00 0.0000E+00 0.0000E+00 0.0000E+00 0.0000E+00 0.0000E+00 0.0000E+00 0.0000E+00 0.0000E+00 0.0000E+00
45000 3.250  0.0000E+00 0.0000E+00 0.0000E+00 0.0000E+00 0.0000E+00 0.0000E+00 0.0000E+00 0.0000E+00 0.0000E+00 0.0000E+00
45000 3.500  0.0000E+00 0.0000E+00 0.0000E+00 0.0000E+00 0.0000E+00 0.0000E+00 0.0000E+00 0.0000E+00 0.0000E+00 0.0000E+00
45000 3.750  5.1572E+13 5.1702E+13 5.1831E+13 5.1865E+13 5.1872E+13 5.1845E+13 5.1858E+13 5.1715E+13 5.1633E+13 5.1525E+13
45000 4.000  5.7490E+13 5.7683E+13 5.7931E+13 5.8040E+13 5.8122E+13 5.8311E+13 5.8407E+13 5.8431E+13 5.8287E+13 5.7941E+13
45000 4.250  6.1289E+13 6.1499E+13 6.1814E+13 6.1976E+13 6.2109E+13 6.2461E+13 6.2681E+13 6.2780E+13 6.2526E+13 6.1958E+13
45000 4.500  6.4032E+13 6.4251E+13 6.4599E+13 6.4797E+13 6.4972E+13 6.5462E+13 6.5778E+13 6.5909E+13 6.5551E+13 6.4810E+13
45000 4.750  6.6173E+13 6.6386E+13 6.6753E+13 6.6975E+13 6.7183E+13 6.7787E+13 6.8181E+13 6.8319E+13 6.7875E+13 6.7013E+13
47500 3.000  0.0000E+00 0.0000E+00 0.0000E+00 0.0000E+00 0.0000E+00 0.0000E+00 0.0000E+00 0.0000E+00 0.0000E+00 0.0000E+00
47500 3.250  0.0000E+00 0.0000E+00 0.0000E+00 0.0000E+00 0.0000E+00 0.0000E+00 0.0000E+00 0.0000E+00 0.0000E+00 0.0000E+00
47500 3.500  0.0000E+00 0.0000E+00 0.0000E+00 0.0000E+00 0.0000E+00 0.0000E+00 0.0000E+00 0.0000E+00 0.0000E+00 0.0000E+00
47500 3.750  5.4416E+13 5.4489E+13 5.4520E+13 5.4506E+13 5.4472E+13 5.4376E+13 5.4298E+13 5.4205E+13 5.4182E+13 5.4190E+13
47500 4.000  6.2212E+13 6.2408E+13 6.2666E+13 6.2769E+13 6.2848E+13 6.3001E+13 6.3078E+13 6.3149E+13 6.3159E+13 6.3067E+13
47500 4.250  6.6729E+13 6.6962E+13 6.7320E+13 6.7490E+13 6.7630E+13 6.7995E+13 6.8228E+13 6.8457E+13 6.8459E+13 6.8194E+13
47500 4.500  6.9787E+13 7.0043E+13 7.0446E+13 7.0667E+13 7.0858E+13 7.1390E+13 7.1780E+13 7.2167E+13 7.2141E+13 7.1708E+13
47500 4.750  7.2047E+13 7.2303E+13 7.2740E+13 7.2991E+13 7.3223E+13 7.3903E+13 7.4420E+13 7.4940E+13 7.4885E+13 7.4320E+13
50000 3.000  0.0000E+00 0.0000E+00 0.0000E+00 0.0000E+00 0.0000E+00 0.0000E+00 0.0000E+00 0.0000E+00 0.0000E+00 0.0000E+00
50000 3.250  0.0000E+00 0.0000E+00 0.0000E+00 0.0000E+00 0.0000E+00 0.0000E+00 0.0000E+00 0.0000E+00 0.0000E+00 0.0000E+00
50000 3.500  0.0000E+00 0.0000E+00 0.0000E+00 0.0000E+00 0.0000E+00 0.0000E+00 0.0000E+00 0.0000E+00 0.0000E+00 0.0000E+00
50000 3.750  0.0000E+00 0.0000E+00 0.0000E+00 0.0000E+00 0.0000E+00 0.0000E+00 0.0000E+00 0.0000E+00 0.0000E+00 0.0000E+00
50000 4.000  6.6721E+13 6.6899E+13 6.7126E+13 6.7216E+13 6.7274E+13 6.7400E+13 6.7469E+13 6.7590E+13 6.7700E+13 6.7792E+13
50000 4.250  7.2219E+13 7.2462E+13 7.2847E+13 7.3025E+13 7.3170E+13 7.3530E+13 7.3762E+13 7.4039E+13 7.4200E+13 7.4212E+13
50000 4.500  7.5697E+13 7.5983E+13 7.6444E+13 7.6675E+13 7.6880E+13 7.7439E+13 7.7834E+13 7.8330E+13 7.8544E+13 7.8457E+13
50000 4.750  7.8132E+13 7.8427E+13 7.8929E+13 7.9208E+13 7.9461E+13 8.0187E+13 8.0743E+13 8.1459E+13 8.1730E+13 8.1554E+13
52500 3.000  0.0000E+00 0.0000E+00 0.0000E+00 0.0000E+00 0.0000E+00 0.0000E+00 0.0000E+00 0.0000E+00 0.0000E+00 0.0000E+00
52500 3.250  0.0000E+00 0.0000E+00 0.0000E+00 0.0000E+00 0.0000E+00 0.0000E+00 0.0000E+00 0.0000E+00 0.0000E+00 0.0000E+00
52500 3.500  0.0000E+00 0.0000E+00 0.0000E+00 0.0000E+00 0.0000E+00 0.0000E+00 0.0000E+00 0.0000E+00 0.0000E+00 0.0000E+00
52500 3.750  0.0000E+00 0.0000E+00 0.0000E+00 0.0000E+00 0.0000E+00 0.0000E+00 0.0000E+00 0.0000E+00 0.0000E+00 0.0000E+00
52500 4.000  7.0830E+13 7.0956E+13 7.1088E+13 7.1128E+13 7.1153E+13 7.1225E+13 7.1300E+13 7.1452E+13 7.1616E+13 7.1809E+13
52500 4.250  7.7702E+13 7.7936E+13 7.8326E+13 7.8502E+13 7.8643E+13 7.8993E+13 7.9236E+13 7.9576E+13 7.9850E+13 8.0075E+13
52500 4.500  8.1722E+13 8.2026E+13 8.2508E+13 8.2765E+13 8.2982E+13 8.3565E+13 8.3965E+13 8.4520E+13 8.4879E+13 8.5081E+13
52500 4.750  8.4389E+13 8.4717E+13 8.5273E+13 8.5577E+13 8.5849E+13 8.6622E+13 8.7208E+13 8.7997E+13 8.8471E+13 8.8654E+13
55000 3.000  0.0000E+00 0.0000E+00 0.0000E+00 0.0000E+00 0.0000E+00 0.0000E+00 0.0000E+00 0.0000E+00 0.0000E+00 0.0000E+00
55000 3.250  0.0000E+00 0.0000E+00 0.0000E+00 0.0000E+00 0.0000E+00 0.0000E+00 0.0000E+00 0.0000E+00 0.0000E+00 0.0000E+00
55000 3.500  0.0000E+00 0.0000E+00 0.0000E+00 0.0000E+00 0.0000E+00 0.0000E+00 0.0000E+00 0.0000E+00 0.0000E+00 0.0000E+00
55000 3.750  0.0000E+00 0.0000E+00 0.0000E+00 0.0000E+00 0.0000E+00 0.0000E+00 0.0000E+00 0.0000E+00 0.0000E+00 0.0000E+00
55000 4.000  7.4186E+13 7.4192E+13 7.4076E+13 7.4012E+13 7.3959E+13 7.3892E+13 7.3907E+13 7.4028E+13 7.4191E+13 7.4401E+13
55000 4.250  8.3117E+13 8.3360E+13 8.3685E+13 8.3842E+13 8.3966E+13 8.4299E+13 8.4555E+13 8.4975E+13 8.5351E+13 8.5734E+13
55000 4.500  8.7832E+13 8.8144E+13 8.8635E+13 8.8898E+13 8.9118E+13 8.9708E+13 9.0129E+13 9.0752E+13 9.1247E+13 9.1664E+13
55000 4.750  9.0793E+13 9.1142E+13 9.1736E+13 9.2058E+13 9.2345E+13 9.3151E+13 9.3759E+13 9.4616E+13 9.5232E+13 9.5692E+13
