27500 3.000  6.1798E+12 6.2236E+12 6.3049E+12 6.3585E+12 6.4123E+12 6.5820E+12 6.7337E+12 6.9818E+12 7.1891E+12 7.3930E+12
27500 3.250  6.2623E+12 6.2944E+12 6.3610E+12 6.4050E+12 6.4540E+12 6.6185E+12 6.7830E+12 7.0939E+12 7.4042E+12 7.7649E+12
27500 3.500  6.1603E+12 6.1905E+12 6.2495E+12 6.2926E+12 6.3383E+12 6.4989E+12 6.6632E+12 6.9869E+12 7.3263E+12 7.7510E+12
27500 3.750  6.0080E+12 6.0397E+12 6.1047E+12 6.1498E+12 6.1971E+12 6.3591E+12 6.5217E+12 6.8408E+12 7.1837E+12 7.6267E+12
27500 4.000  5.8769E+12 5.9124E+12 5.9820E+12 6.0297E+12 6.0775E+12 6.2396E+12 6.3983E+12 6.7077E+12 7.0424E+12 7.4828E+12
27500 4.250  5.7818E+12 5.8163E+12 5.8890E+12 5.9376E+12 5.9857E+12 6.1440E+12 6.2968E+12 6.5942E+12 6.9168E+12 7.3462E+12
27500 4.500  5.7138E+12 5.7474E+12 5.8202E+12 5.8679E+12 5.9152E+12 6.0670E+12 6.2133E+12 6.4971E+12 6.8065E+12 7.2171E+12
27500 4.750  5.6679E+12 5.6997E+12 5.7700E+12 5.8156E+12 5.8605E+12 6.0038E+12 6.1419E+12 6.4111E+12 6.7069E+12 7.1029E+12
30000 3.000  7.1413E+12 7.1825E+12 7.2568E+12 7.3067E+12 7.3564E+12 7.4894E+12 7.5877E+12 7.7140E+12 7.7910E+12 7.8427E+12
30000 3.250  7.6152E+12 7.6634E+12 7.7499E+12 7.8104E+12 7.8705E+12 8.0613E+12 8.2314E+12 8.5158E+12 8.7613E+12 9.0199E+12
30000 3.500  7.7067E+12 7.7481E+12 7.8244E+12 7.8767E+12 7.9309E+12 8.1154E+12 8.2975E+12 8.6382E+12 8.9730E+12 9.3573E+12
30000 3.750  7.6686E+12 7.7029E+12 7.7658E+12 7.8105E+12 7.8583E+12 8.0293E+12 8.2077E+12 8.5609E+12 8.9303E+12 9.3816E+12
30000 4.000  7.5676E+12 7.6002E+12 7.6554E+12 7.6962E+12 7.7410E+12 7.9040E+12 8.0788E+12 8.4305E+12 8.8093E+12 9.2908E+12
30000 4.250  7.4494E+12 7.4804E+12 7.5351E+12 7.5752E+12 7.6184E+12 7.7789E+12 7.9499E+12 8.2950E+12 8.6720E+12 9.1612E+12
30000 4.500  7.3442E+12 7.3749E+12 7.4296E+12 7.4703E+12 7.5133E+12 7.6716E+12 7.8366E+12 8.1710E+12 8.5402E+12 9.0186E+12
30000 4.750  7.2630E+12 7.2928E+12 7.3485E+12 7.3894E+12 7.4321E+12 7.5853E+12 7.7446E+12 8.0649E+12 8.4216E+12 8.8876E+12
32500 3.000  0.0000E+00 0.0000E+00 0.0000E+00 0.0000E+00 0.0000E+00 0.0000E+00 0.0000E+00 0.0000E+00 0.0000E+00 0.0000E+00
32500 3.250  8.7206E+12 8.7688E+12 8.8428E+12 8.8924E+12 8.9458E+12 9.1123E+12 9.2505E+12 9.4612E+12 9.6339E+12 9.8059E+12
32500 3.500  9.1508E+12 9.2027E+12 9.2798E+12 9.3333E+12 9.3985E+12 9.6012E+12 9.7814E+12 1.0090E+13 1.0373E+13 1.0674E+13
32500 3.750  9.2940E+12 9.3439E+12 9.4114E+12 9.4678E+12 9.5265E+12 9.7204E+12 9.9099E+12 1.0261E+13 1.0601E+13 1.0995E+13
32500 4.000  9.3139E+12 9.3539E+12 9.4191E+12 9.4667E+12 9.5162E+12 9.6941E+12 9.8762E+12 1.0238E+13 1.0611E+13 1.1053E+13
32500 4.250  9.2818E+12 9.3183E+12 9.3745E+12 9.4153E+12 9.4595E+12 9.6223E+12 9.7978E+12 1.0154E+13 1.0535E+13 1.1005E+13
32500 4.500  9.2275E+12 9.2615E+12 9.3103E+12 9.3466E+12 9.3857E+12 9.5369E+12 9.7045E+12 1.0052E+13 1.0432E+13 1.0910E+13
32500 4.750  9.1659E+12 9.1975E+12 9.2421E+12 9.2754E+12 9.3117E+12 9.4552E+12 9.6153E+12 9.9514E+12 1.0325E+13 1.0803E+13
35000 3.000  0.0000E+00 0.0000E+00 0.0000E+00 0.0000E+00 0.0000E+00 0.0000E+00 0.0000E+00 0.0000E+00 0.0000E+00 0.0000E+00
35000 3.250  9.4271E+12 9.4729E+12 9.5484E+12 9.5880E+12 9.6256E+12 9.7329E+12 9.8247E+12 9.9613E+12 1.0048E+13 1.0095E+13
35000 3.500  1.0298E+13 1.0354E+13 1.0426E+13 1.0473E+13 1.0523E+13 1.0701E+13 1.0868E+13 1.1139E+13 1.1385E+13 1.1661E+13
35000 3.750  1.0698E+13 1.0754E+13 1.0809E+13 1.0858E+13 1.0916E+13 1.1129E+13 1.1315E+13 1.1639E+13 1.1945E+13 1.2301E+13
35000 4.000  1.0898E+13 1.0953E+13 1.1001E+13 1.1051E+13 1.1111E+13 1.1317E+13 1.1505E+13 1.1857E+13 1.2198E+13 1.2595E+13
35000 4.250  1.1000E+13 1.1039E+13 1.1095E+13 1.1143E+13 1.1198E+13 1.1384E+13 1.1567E+13 1.1922E+13 1.2282E+13 1.2711E+13
35000 4.500  1.1050E+13 1.1087E+13 1.1138E+13 1.1180E+13 1.1227E+13 1.1391E+13 1.1561E+13 1.1909E+13 1.2275E+13 1.2720E+13
35000 4.750  1.1071E+13 1.1107E+13 1.1153E+13 1.1188E+13 1.1228E+13 1.1374E+13 1.1532E+13 1.1862E+13 1.2223E+13 1.2675E+13
37500 3.000  0.0000E+00 0.0000E+00 0.0000E+00 0.0000E+00 0.0000E+00 0.0000E+00 0.0000E+00 0.0000E+00 0.0000E+00 0.0000E+00
37500 3.250  0.0000E+00 0.0000E+00 0.0000E+00 0.0000E+00 0.0000E+00 0.0000E+00 0.0000E+00 0.0000E+00 0.0000E+00 0.0000E+00
37500 3.500  1.1186E+13 1.1243E+13 1.1325E+13 1.1375E+13 1.1424E+13 1.1579E+13 1.1728E+13 1.1988E+13 1.2209E+13 1.2438E+13
37500 3.750  1.1836E+13 1.1895E+13 1.1970E+13 1.2010E+13 1.2060E+13 1.2246E+13 1.2438E+13 1.2760E+13 1.3061E+13 1.3416E+13
37500 4.000  1.2196E+13 1.2255E+13 1.2320E+13 1.2355E+13 1.2406E+13 1.2610E+13 1.2812E+13 1.3153E+13 1.3483E+13 1.3880E+13
37500 4.250  1.2418E+13 1.2463E+13 1.2521E+13 1.2565E+13 1.2617E+13 1.2825E+13 1.3024E+13 1.3374E+13 1.3721E+13 1.4139E+13
37500 4.500  1.2566E+13 1.2608E+13 1.2661E+13 1.2704E+13 1.2755E+13 1.2956E+13 1.3146E+13 1.3495E+13 1.3849E+13 1.4279E+13
37500 4.750  1.2673E+13 1.2712E+13 1.2761E+13 1.2802E+13 1.2851E+13 1.3037E+13 1.3214E+13 1.3553E+13 1.3907E+13 1.4336E+13
40000 3.000  0.0000E+00 0.0000E+00 0.0000E+00 0.0000E+00 0.0000E+00 0.0000E+00 0.0000E+00 0.0000E+00 0.0000E+00 0.0000E+00
40000 3.250  0.0000E+00 0.0000E+00 0.0000E+00 0.0000E+00 0.0000E+00 0.0000E+00 0.0000E+00 0.0000E+00 0.0000E+00 0.0000E+00
40000 3.500  1.1887E+13 1.1943E+13 1.2045E+13 1.2102E+13 1.2153E+13 1.2294E+13 1.2408E+13 1.2586E+13 1.2723E+13 1.2827E+13
40000 3.750  1.2818E+13 1.2884E+13 1.2975E+13 1.3032E+13 1.3087E+13 1.3273E+13 1.3457E+13 1.3795E+13 1.4104E+13 1.4456E+13
40000 4.000  1.3310E+13 1.3367E+13 1.3449E+13 1.3501E+13 1.3555E+13 1.3754E+13 1.3960E+13 1.4331E+13 1.4665E+13 1.5088E+13
40000 4.250  1.3618E+13 1.3680E+13 1.3743E+13 1.3792E+13 1.3845E+13 1.4049E+13 1.4265E+13 1.4637E+13 1.4990E+13 1.5424E+13
40000 4.500  1.3832E+13 1.3880E+13 1.3945E+13 1.3993E+13 1.4046E+13 1.4252E+13 1.4467E+13 1.4834E+13 1.5190E+13 1.5630E+13
40000 4.750  1.3992E+13 1.4037E+13 1.4097E+13 1.4143E+13 1.4195E+13 1.4400E+13 1.4608E+13 1.4966E+13 1.5320E+13 1.5751E+13
42500 3.000  0.0000E+00 0.0000E+00 0.0000E+00 0.0000E+00 0.0000E+00 0.0000E+00 0.0000E+00 0.0000E+00 0.0000E+00 0.0000E+00
42500 3.250  0.0000E+00 0.0000E+00 0.0000E+00 0.0000E+00 0.0000E+00 0.0000E+00 0.0000E+00 0.0000E+00 0.0000E+00 0.0000E+00
42500 3.500  0.0000E+00 0.0000E+00 0.0000E+00 0.0000E+00 0.0000E+00 0.0000E+00 0.0000E+00 0.0000E+00 0.0000E+00 0.0000E+00
42500 3.750  1.3728E+13 1.3796E+13 1.3915E+13 1.3985E+13 1.4051E+13 1.4249E+13 1.4423E+13 1.4733E+13 1.5023E+13 1.5332E+13
42500 4.000  1.4352E+13 1.4418E+13 1.4524E+13 1.4589E+13 1.4652E+13 1.4866E+13 1.5078E+13 1.5472E+13 1.5846E+13 1.6277E+13
42500 4.250  1.4721E+13 1.4782E+13 1.4875E+13 1.4935E+13 1.4996E+13 1.5213E+13 1.5439E+13 1.5855E+13 1.6241E+13 1.6700E+13
42500 4.500  1.4970E+13 1.5028E+13 1.5119E+13 1.5167E+13 1.5226E+13 1.5446E+13 1.5677E+13 1.6093E+13 1.6474E+13 1.6938E+13
42500 4.750  1.5157E+13 1.5210E+13 1.5286E+13 1.5340E+13 1.5398E+13 1.5619E+13 1.5851E+13 1.6256E+13 1.6630E+13 1.7088E+13
45000 3.000  0.0000E+00 0.0000E+00 0.0000E+00 0.0000E+00 0.0000E+00 0.0000E+00 0.0000E+00 0.0000E+00 0.0000E+00 0.0000E+00
45000 3.250  0.0000E+00 0.0000E+00 0.0000E+00 0.0000E+00 0.0000E+00 0.0000E+00 0.0000E+00 0.0000E+00 0.0000E+00 0.0000E+00
45000 3.500  0.0000E+00 0.0000E+00 0.0000E+00 0.0000E+00 0.0000E+00 0.0000E+00 0.0000E+00 0.0000E+00 0.0000E+00 0.0000E+00
45000 3.750  1.4562E+13 1.4632E+13 1.4761E+13 1.4833E+13 1.4898E+13 1.5080E+13 1.5231E+13 1.5489E+13 1.5715E+13 1.5953E+13
45000 4.000  1.5369E+13 1.5444E+13 1.5576E+13 1.5655E+13 1.5731E+13 1.5969E+13 1.6186E+13 1.6575E+13 1.6955E+13 1.7390E+13
45000 4.250  1.5799E+13 1.5870E+13 1.5989E+13 1.6062E+13 1.6135E+13 1.6379E+13 1.6619E+13 1.7062E+13 1.7487E+13 1.7980E+13
45000 4.500  1.6070E+13 1.6137E+13 1.6243E+13 1.6311E+13 1.6381E+13 1.6624E+13 1.6873E+13 1.7337E+13 1.7766E+13 1.8266E+13
45000 4.750  1.6264E+13 1.6326E+13 1.6422E+13 1.6486E+13 1.6554E+13 1.6797E+13 1.7050E+13 1.7514E+13 1.7935E+13 1.8428E+13
47500 3.000  0.0000E+00 0.0000E+00 0.0000E+00 0.0000E+00 0.0000E+00 0.0000E+00 0.0000E+00 0.0000E+00 0.0000E+00 0.0000E+00
47500 3.250  0.0000E+00 0.0000E+00 0.0000E+00 0.0000E+00 0.0000E+00 0.0000E+00 0.0000E+00 0.0000E+00 0.0000E+00 0.0000E+00
47500 3.500  0.0000E+00 0.0000E+00 0.0000E+00 0.0000E+00 0.0000E+00 0.0000E+00 0.0000E+00 0.0000E+00 0.0000E+00 0.0000E+00
47500 3.750  1.5265E+13 1.5326E+13 1.5427E+13 1.5481E+13 1.5529E+13 1.5663E+13 1.5771E+13 1.5941E+13 1.6086E+13 1.6227E+13
47500 4.000  1.6366E+13 1.6446E+13 1.6595E+13 1.6682E+13 1.6765E+13 1.7008E+13 1.7218E+13 1.7591E+13 1.7950E+13 1.8363E+13
47500 4.250  1.6876E+13 1.6956E+13 1.7100E+13 1.7187E+13 1.7273E+13 1.7546E+13 1.7797E+13 1.8247E+13 1.8687E+13 1.9205E+13
47500 4.500  1.7171E+13 1.7248E+13 1.7378E+13 1.7461E+13 1.7543E+13 1.7818E+13 1.8086E+13 1.8577E+13 1.9050E+13 1.9597E+13
47500 4.750  1.7366E+13 1.7437E+13 1.7556E+13 1.7633E+13 1.7712E+13 1.7984E+13 1.8259E+13 1.8770E+13 1.9248E+13 1.9791E+13
50000 3.000  0.0000E+00 0.0000E+00 0.0000E+00 0.0000E+00 0.0000E+00 0.0000E+00 0.0000E+00 0.0000E+00 0.0000E+00 0.0000E+00
50000 3.250  0.0000E+00 0.0000E+00 0.0000E+00 0.0000E+00 0.0000E+00 0.0000E+00 0.0000E+00 0.0000E+00 0.0000E+00 0.0000E+00
50000 3.500  0.0000E+00 0.0000E+00 0.0000E+00 0.0000E+00 0.0000E+00 0.0000E+00 0.0000E+00 0.0000E+00 0.0000E+00 0.0000E+00
50000 3.750  0.0000E+00 0.0000E+00 0.0000E+00 0.0000E+00 0.0000E+00 0.0000E+00 0.0000E+00 0.0000E+00 0.0000E+00 0.0000E+00
50000 4.000  1.7327E+13 1.7407E+13 1.7555E+13 1.7640E+13 1.7719E+13 1.7946E+13 1.8144E+13 1.8490E+13 1.8825E+13 1.9208E+13
50000 4.250  1.7953E+13 1.8038E+13 1.8199E+13 1.8297E+13 1.8391E+13 1.8677E+13 1.8928E+13 1.9374E+13 1.9812E+13 2.0337E+13
50000 4.500  1.8282E+13 1.8366E+13 1.8520E+13 1.8615E+13 1.8710E+13 1.9016E+13 1.9299E+13 1.9799E+13 2.0288E+13 2.0870E+13
50000 4.750  1.8479E+13 1.8559E+13 1.8702E+13 1.8793E+13 1.8885E+13 1.9190E+13 1.9487E+13 2.0027E+13 2.0543E+13 2.1141E+13
52500 3.000  0.0000E+00 0.0000E+00 0.0000E+00 0.0000E+00 0.0000E+00 0.0000E+00 0.0000E+00 0.0000E+00 0.0000E+00 0.0000E+00
52500 3.250  0.0000E+00 0.0000E+00 0.0000E+00 0.0000E+00 0.0000E+00 0.0000E+00 0.0000E+00 0.0000E+00 0.0000E+00 0.0000E+00
52500 3.500  0.0000E+00 0.0000E+00 0.0000E+00 0.0000E+00 0.0000E+00 0.0000E+00 0.0000E+00 0.0000E+00 0.0000E+00 0.0000E+00
52500 3.750  0.0000E+00 0.0000E+00 0.0000E+00 0.0000E+00 0.0000E+00 0.0000E+00 0.0000E+00 0.0000E+00 0.0000E+00 0.0000E+00
52500 4.000  1.8230E+13 1.8304E+13 1.8431E+13 1.8503E+13 1.8571E+13 1.8771E+13 1.8946E+13 1.9258E+13 1.9555E+13 1.9891E+13
52500 4.250  1.9026E+13 1.9112E+13 1.9279E+13 1.9379E+13 1.9474E+13 1.9755E+13 1.9998E+13 2.0437E+13 2.0875E+13 2.1398E+13
52500 4.500  1.9401E+13 1.9491E+13 1.9658E+13 1.9765E+13 1.9868E+13 2.0189E+13 2.0491E+13 2.0974E+13 2.1468E+13 2.2074E+13
52500 4.750  1.9607E+13 1.9694E+13 1.9857E+13 1.9960E+13 2.0064E+13 2.0399E+13 2.0709E+13 2.1258E+13 2.1791E+13 2.2424E+13
55000 3.000  0.0000E+00 0.0000E+00 0.0000E+00 0.0000E+00 0.0000E+00 0.0000E+00 0.0000E+00 0.0000E+00 0.0000E+00 0.0000E+00
55000 3.250  0.0000E+00 0.0000E+00 0.0000E+00 0.0000E+00 0.0000E+00 0.0000E+00 0.0000E+00 0.0000E+00 0.0000E+00 0.0000E+00
55000 3.500  0.0000E+00 0.0000E+00 0.0000E+00 0.0000E+00 0.0000E+00 0.0000E+00 0.0000E+00 0.0000E+00 0.0000E+00 0.0000E+00
55000 3.750  0.0000E+00 0.0000E+00 0.0000E+00 0.0000E+00 0.0000E+00 0.0000E+00 0.0000E+00 0.0000E+00 0.0000E+00 0.0000E+00
55000 4.000  1.9029E+13 1.9083E+13 1.9158E+13 1.9204E+13 1.9250E+13 1.9399E+13 1.9539E+13 1.9785E+13 2.0002E+13 2.0226E+13
55000 4.250  2.0088E+13 2.0177E+13 2.0336E+13 2.0432E+13 2.0523E+13 2.0790E+13 2.1026E+13 2.1456E+13 2.1893E+13 2.2418E+13
55000 4.500  2.0527E+13 2.0620E+13 2.0793E+13 2.0904E+13 2.1010E+13 2.1330E+13 2.1612E+13 2.2109E+13 2.2605E+13 2.3235E+13
55000 4.750  2.0747E+13 2.0839E+13 2.1014E+13 2.1127E+13 2.1238E+13 2.1589E+13 2.1902E+13 2.2451E+13 2.2994E+13 2.3649E+13
