27500 3.000 2.353258E+12 2.288346E+12 2.222362E+12 2.143418E+12 2.095130E+12 2.041088E+12 2.023979E+12 2.006903E+12 1.981045E+12 1.967080E+12
27500 3.250 2.471637E+12 2.356825E+12 2.258064E+12 2.159110E+12 2.106719E+12 2.054374E+12 2.038783E+12 2.024785E+12 2.003571E+12 1.993364E+12
27500 3.500 2.467214E+12 2.332028E+12 2.224005E+12 2.120954E+12 2.068669E+12 2.017548E+12 2.002998E+12 1.989272E+12 1.970513E+12 1.960874E+12
27500 3.750 2.427652E+12 2.286644E+12 2.177484E+12 2.075925E+12 2.024161E+12 1.972598E+12 1.957535E+12 1.943185E+12 1.922511E+12 1.912401E+12
27500 4.000 2.381857E+12 2.241660E+12 2.135112E+12 2.036632E+12 1.986142E+12 1.934544E+12 1.919321E+12 1.904117E+12 1.881978E+12 1.870682E+12
27500 4.250 2.338357E+12 2.201699E+12 2.098998E+12 2.004346E+12 1.955703E+12 1.905319E+12 1.889983E+12 1.874519E+12 1.851372E+12 1.840397E+12
27500 4.500 2.297288E+12 2.166572E+12 2.068081E+12 1.977747E+12 1.931202E+12 1.882859E+12 1.867817E+12 1.852616E+12 1.829469E+12 1.818762E+12
27500 4.750 2.260915E+12 2.134858E+12 2.040728E+12 1.955023E+12 1.911074E+12 1.865449E+12 1.851178E+12 1.836655E+12 1.814265E+12 1.804137E+12
30000 3.000 2.496420E+12 2.479965E+12 2.455432E+12 2.415231E+12 2.383964E+12 2.341610E+12 2.325802E+12 2.309898E+12 2.286266E+12 2.273137E+12
30000 3.250 2.871132E+12 2.788823E+12 2.710662E+12 2.620135E+12 2.565989E+12 2.505254E+12 2.486133E+12 2.466874E+12 2.439328E+12 2.423986E+12
30000 3.500 2.978527E+12 2.856190E+12 2.749615E+12 2.641187E+12 2.583202E+12 2.524492E+12 2.507239E+12 2.490590E+12 2.466285E+12 2.453112E+12
30000 3.750 2.986247E+12 2.842608E+12 2.725023E+12 2.612601E+12 2.555815E+12 2.501371E+12 2.486154E+12 2.471916E+12 2.451903E+12 2.440985E+12
30000 4.000 2.957345E+12 2.804085E+12 2.683503E+12 2.571578E+12 2.515931E+12 2.464035E+12 2.449777E+12 2.436793E+12 2.419212E+12 2.408846E+12
30000 4.250 2.916104E+12 2.760371E+12 2.640371E+12 2.530545E+12 2.476116E+12 2.425011E+12 2.411268E+12 2.398501E+12 2.381087E+12 2.371211E+12
30000 4.500 2.870698E+12 2.718420E+12 2.600895E+12 2.494481E+12 2.441930E+12 2.391568E+12 2.377886E+12 2.364906E+12 2.347492E+12 2.337726E+12
30000 4.750 2.829018E+12 2.680680E+12 2.567140E+12 2.465182E+12 2.414473E+12 2.365705E+12 2.352133E+12 2.339101E+12 2.321358E+12 2.311887E+12
32500 3.000 0.000000E+00 0.000000E+00 0.000000E+00 0.000000E+00 0.000000E+00 0.000000E+00 0.000000E+00 0.000000E+00 0.000000E+00 0.000000E+00
32500 3.250 3.121308E+12 3.066569E+12 3.011595E+12 2.944521E+12 2.900543E+12 2.847537E+12 2.830540E+12 2.814747E+12 2.791207E+12 2.775861E+12
32500 3.500 3.397720E+12 3.301863E+12 3.211654E+12 3.113519E+12 3.056156E+12 2.991633E+12 2.970888E+12 2.953842E+12 2.929318E+12 2.912801E+12
32500 3.750 3.499963E+12 3.374460E+12 3.266134E+12 3.154421E+12 3.094100E+12 3.032380E+12 3.013703E+12 2.995752E+12 2.974258E+12 2.958369E+12
32500 4.000 3.518280E+12 3.377636E+12 3.258916E+12 3.143701E+12 3.085739E+12 3.029113E+12 3.013336E+12 2.998201E+12 2.977439E+12 2.964712E+12
32500 4.250 3.502946E+12 3.353420E+12 3.232242E+12 3.118743E+12 3.062876E+12 3.011055E+12 2.996996E+12 2.983995E+12 2.966114E+12 2.954487E+12
32500 4.500 3.472800E+12 3.320472E+12 3.199787E+12 3.089026E+12 3.035704E+12 2.987577E+12 2.975115E+12 2.963560E+12 2.948013E+12 2.937211E+12
32500 4.750 3.438644E+12 3.286427E+12 3.167636E+12 3.060656E+12 3.009687E+12 2.964005E+12 2.952459E+12 2.941840E+12 2.927656E+12 2.917612E+12
35000 3.000 0.000000E+00 0.000000E+00 0.000000E+00 0.000000E+00 0.000000E+00 0.000000E+00 0.000000E+00 0.000000E+00 0.000000E+00 0.000000E+00
35000 3.250 3.213308E+12 3.198277E+12 3.170789E+12 3.127290E+12 3.098074E+12 3.063918E+12 3.051960E+12 3.039349E+12 3.015306E+12 3.000738E+12
35000 3.500 3.711942E+12 3.623846E+12 3.545674E+12 3.459425E+12 3.406114E+12 3.349524E+12 3.333641E+12 3.318794E+12 3.295729E+12 3.277981E+12
35000 3.750 3.915440E+12 3.802137E+12 3.704961E+12 3.601629E+12 3.542539E+12 3.474685E+12 3.456269E+12 3.440697E+12 3.423123E+12 3.405382E+12
35000 4.000 4.009050E+12 3.882822E+12 3.774099E+12 3.662231E+12 3.602251E+12 3.536768E+12 3.517686E+12 3.501582E+12 3.486320E+12 3.469092E+12
35000 4.250 4.046178E+12 3.909591E+12 3.794778E+12 3.682014E+12 3.623583E+12 3.564319E+12 3.546928E+12 3.531622E+12 3.513773E+12 3.501320E+12
35000 4.500 4.048903E+12 3.907140E+12 3.790717E+12 3.679983E+12 3.625847E+12 3.573590E+12 3.558749E+12 3.545300E+12 3.529132E+12 3.517217E+12
35000 4.750 4.034582E+12 3.890801E+12 3.775894E+12 3.670826E+12 3.620326E+12 3.574002E+12 3.561397E+12 3.550187E+12 3.535432E+12 3.524037E+12
37500 3.000 0.000000E+00 0.000000E+00 0.000000E+00 0.000000E+00 0.000000E+00 0.000000E+00 0.000000E+00 0.000000E+00 0.000000E+00 0.000000E+00
37500 3.250 0.000000E+00 0.000000E+00 0.000000E+00 0.000000E+00 0.000000E+00 0.000000E+00 0.000000E+00 0.000000E+00 0.000000E+00 0.000000E+00
37500 3.500 3.959129E+12 3.886182E+12 3.815762E+12 3.733290E+12 3.685722E+12 3.636426E+12 3.620884E+12 3.604807E+12 3.578629E+12 3.560476E+12
37500 3.750 4.270572E+12 4.157529E+12 4.061603E+12 3.959162E+12 3.898168E+12 3.838768E+12 3.822796E+12 3.810252E+12 3.786266E+12 3.767371E+12
37500 4.000 4.418131E+12 4.291841E+12 4.186687E+12 4.078114E+12 4.014006E+12 3.948947E+12 3.932745E+12 3.921485E+12 3.900772E+12 3.882064E+12
37500 4.250 4.500711E+12 4.367416E+12 4.257064E+12 4.145791E+12 4.082387E+12 4.016121E+12 3.999660E+12 3.985501E+12 3.967002E+12 3.952824E+12
37500 4.500 4.545136E+12 4.408371E+12 4.295561E+12 4.184472E+12 4.123901E+12 4.060044E+12 4.043804E+12 4.030077E+12 4.013166E+12 3.999974E+12
37500 4.750 4.563243E+12 4.426774E+12 4.313951E+12 4.206238E+12 4.149752E+12 4.090668E+12 4.075144E+12 4.062004E+12 4.046347E+12 4.033834E+12
40000 3.000 0.000000E+00 0.000000E+00 0.000000E+00 0.000000E+00 0.000000E+00 0.000000E+00 0.000000E+00 0.000000E+00 0.000000E+00 0.000000E+00
40000 3.250 0.000000E+00 0.000000E+00 0.000000E+00 0.000000E+00 0.000000E+00 0.000000E+00 0.000000E+00 0.000000E+00 0.000000E+00 0.000000E+00
40000 3.500 4.083065E+12 4.049718E+12 4.006388E+12 3.949585E+12 3.913161E+12 3.868508E+12 3.852238E+12 3.834018E+12 3.801514E+12 3.783718E+12
40000 3.750 4.601394E+12 4.489351E+12 4.390927E+12 4.283605E+12 4.224831E+12 4.165847E+12 4.148121E+12 4.130001E+12 4.101058E+12 4.080230E+12
40000 4.000 4.802682E+12 4.667909E+12 4.561579E+12 4.443756E+12 4.377940E+12 4.314842E+12 4.297612E+12 4.281000E+12 4.254763E+12 4.236777E+12
40000 4.250 4.909501E+12 4.771580E+12 4.659200E+12 4.540707E+12 4.471933E+12 4.407120E+12 4.390152E+12 4.374431E+12 4.354377E+12 4.334821E+12
40000 4.500 4.975206E+12 4.835059E+12 4.721778E+12 4.604945E+12 4.536589E+12 4.470847E+12 4.454039E+12 4.438973E+12 4.418205E+12 4.402828E+12
40000 4.750 5.013682E+12 4.876635E+12 4.763790E+12 4.649881E+12 4.583641E+12 4.518412E+12 4.501815E+12 4.487192E+12 4.468194E+12 4.453925E+12
42500 3.000 0.000000E+00 0.000000E+00 0.000000E+00 0.000000E+00 0.000000E+00 0.000000E+00 0.000000E+00 0.000000E+00 0.000000E+00 0.000000E+00
42500 3.250 0.000000E+00 0.000000E+00 0.000000E+00 0.000000E+00 0.000000E+00 0.000000E+00 0.000000E+00 0.000000E+00 0.000000E+00 0.000000E+00
42500 3.500 0.000000E+00 0.000000E+00 0.000000E+00 0.000000E+00 0.000000E+00 0.000000E+00 0.000000E+00 0.000000E+00 0.000000E+00 0.000000E+00
42500 3.750 4.880314E+12 4.782027E+12 4.689798E+12 4.591093E+12 4.535510E+12 4.472481E+12 4.451553E+12 4.429357E+12 4.391346E+12 4.369636E+12
42500 4.000 5.181195E+12 5.044019E+12 4.925038E+12 4.799611E+12 4.732072E+12 4.664032E+12 4.643752E+12 4.623286E+12 4.589492E+12 4.568297E+12
42500 4.250 5.315711E+12 5.169660E+12 5.046793E+12 4.914356E+12 4.842350E+12 4.773337E+12 4.753872E+12 4.734887E+12 4.705192E+12 4.685710E+12
42500 4.500 5.391479E+12 5.243868E+12 5.122412E+12 4.990259E+12 4.916568E+12 4.846724E+12 4.827806E+12 4.812460E+12 4.783460E+12 4.765219E+12
42500 4.750 5.439281E+12 5.293458E+12 5.174314E+12 5.045378E+12 4.971629E+12 4.901406E+12 4.882726E+12 4.865594E+12 4.841636E+12 4.824655E+12
45000 3.000 0.000000E+00 0.000000E+00 0.000000E+00 0.000000E+00 0.000000E+00 0.000000E+00 0.000000E+00 0.000000E+00 0.000000E+00 0.000000E+00
45000 3.250 0.000000E+00 0.000000E+00 0.000000E+00 0.000000E+00 0.000000E+00 0.000000E+00 0.000000E+00 0.000000E+00 0.000000E+00 0.000000E+00
45000 3.500 0.000000E+00 0.000000E+00 0.000000E+00 0.000000E+00 0.000000E+00 0.000000E+00 0.000000E+00 0.000000E+00 0.000000E+00 0.000000E+00
45000 3.750 5.078028E+12 5.002290E+12 4.930381E+12 4.848332E+12 4.800220E+12 4.742328E+12 4.721600E+12 4.698620E+12 4.657474E+12 4.635080E+12
45000 4.000 5.535523E+12 5.397037E+12 5.276010E+12 5.152154E+12 5.083239E+12 5.007326E+12 4.983111E+12 4.958065E+12 4.916112E+12 4.892077E+12
45000 4.250 5.723304E+12 5.566264E+12 5.430863E+12 5.289913E+12 5.213440E+12 5.135866E+12 5.112684E+12 5.089329E+12 5.051625E+12 5.028911E+12
45000 4.500 5.814243E+12 5.655153E+12 5.518430E+12 5.370938E+12 5.291598E+12 5.214179E+12 5.191953E+12 5.170207E+12 5.136565E+12 5.115251E+12
45000 4.750 5.865659E+12 5.709034E+12 5.574969E+12 5.427124E+12 5.346586E+12 5.269236E+12 5.247683E+12 5.227221E+12 5.196855E+12 5.176984E+12
47500 3.000 0.000000E+00 0.000000E+00 0.000000E+00 0.000000E+00 0.000000E+00 0.000000E+00 0.000000E+00 0.000000E+00 0.000000E+00 0.000000E+00
47500 3.250 0.000000E+00 0.000000E+00 0.000000E+00 0.000000E+00 0.000000E+00 0.000000E+00 0.000000E+00 0.000000E+00 0.000000E+00 0.000000E+00
47500 3.500 0.000000E+00 0.000000E+00 0.000000E+00 0.000000E+00 0.000000E+00 0.000000E+00 0.000000E+00 0.000000E+00 0.000000E+00 0.000000E+00
47500 3.750 5.165238E+12 5.120479E+12 5.074201E+12 5.020034E+12 4.985643E+12 4.943186E+12 4.927654E+12 4.910443E+12 4.878516E+12 4.858994E+12
47500 4.000 5.845147E+12 5.713771E+12 5.599243E+12 5.480660E+12 5.413800E+12 5.336517E+12 5.310129E+12 5.282324E+12 5.234976E+12 5.209356E+12
47500 4.250 6.113159E+12 5.948315E+12 5.808168E+12 5.665095E+12 5.585126E+12 5.498140E+12 5.470837E+12 5.443004E+12 5.397341E+12 5.371908E+12
47500 4.500 6.237832E+12 6.063791E+12 5.913384E+12 5.757096E+12 5.671702E+12 5.584211E+12 5.557991E+12 5.531674E+12 5.490152E+12 5.465810E+12
47500 4.750 6.299669E+12 6.126860E+12 5.974785E+12 5.812132E+12 5.724640E+12 5.637999E+12 5.612835E+12 5.588268E+12 5.550436E+12 5.527785E+12
50000 3.000 0.000000E+00 0.000000E+00 0.000000E+00 0.000000E+00 0.000000E+00 0.000000E+00 0.000000E+00 0.000000E+00 0.000000E+00 0.000000E+00
50000 3.250 0.000000E+00 0.000000E+00 0.000000E+00 0.000000E+00 0.000000E+00 0.000000E+00 0.000000E+00 0.000000E+00 0.000000E+00 0.000000E+00
50000 3.500 0.000000E+00 0.000000E+00 0.000000E+00 0.000000E+00 0.000000E+00 0.000000E+00 0.000000E+00 0.000000E+00 0.000000E+00 0.000000E+00
50000 3.750 0.000000E+00 0.000000E+00 0.000000E+00 0.000000E+00 0.000000E+00 0.000000E+00 0.000000E+00 0.000000E+00 0.000000E+00 0.000000E+00
50000 4.000 6.114095E+12 5.992284E+12 5.885695E+12 5.775351E+12 5.712245E+12 5.640016E+12 5.615060E+12 5.587960E+12 5.540939E+12 5.515381E+12
50000 4.250 6.473484E+12 6.306331E+12 6.167003E+12 6.024948E+12 5.945105E+12 5.853960E+12 5.823995E+12 5.792930E+12 5.741791E+12 5.714678E+12
50000 4.500 6.643002E+12 6.457799E+12 6.302304E+12 6.142923E+12 6.052896E+12 5.955688E+12 5.925478E+12 5.895186E+12 5.846083E+12 5.819250E+12
50000 4.750 6.729366E+12 6.539148E+12 6.374641E+12 6.202836E+12 6.108457E+12 6.011257E+12 5.982031E+12 5.953000E+12 5.907560E+12 5.882190E+12
52500 3.000 0.000000E+00 0.000000E+00 0.000000E+00 0.000000E+00 0.000000E+00 0.000000E+00 0.000000E+00 0.000000E+00 0.000000E+00 0.000000E+00
52500 3.250 0.000000E+00 0.000000E+00 0.000000E+00 0.000000E+00 0.000000E+00 0.000000E+00 0.000000E+00 0.000000E+00 0.000000E+00 0.000000E+00
52500 3.500 0.000000E+00 0.000000E+00 0.000000E+00 0.000000E+00 0.000000E+00 0.000000E+00 0.000000E+00 0.000000E+00 0.000000E+00 0.000000E+00
52500 3.750 0.000000E+00 0.000000E+00 0.000000E+00 0.000000E+00 0.000000E+00 0.000000E+00 0.000000E+00 0.000000E+00 0.000000E+00 0.000000E+00
52500 4.000 6.331422E+12 6.224422E+12 6.129960E+12 6.030843E+12 5.974872E+12 5.911387E+12 5.889815E+12 5.866821E+12 5.826319E+12 5.802752E+12
52500 4.250 6.811277E+12 6.644702E+12 6.505202E+12 6.365648E+12 6.288101E+12 6.198747E+12 6.168571E+12 6.136721E+12 6.083626E+12 6.056097E+12
52500 4.500 7.026452E+12 6.833464E+12 6.676237E+12 6.522405E+12 6.426427E+12 6.324170E+12 6.291271E+12 6.257401E+12 6.204059E+12 6.175424E+12
52500 4.750 7.137837E+12 6.936357E+12 6.766628E+12 6.591820E+12 6.493166E+12 6.386531E+12 6.353604E+12 6.320521E+12 6.268774E+12 6.241035E+12
55000 3.000 0.000000E+00 0.000000E+00 0.000000E+00 0.000000E+00 0.000000E+00 0.000000E+00 0.000000E+00 0.000000E+00 0.000000E+00 0.000000E+00
55000 3.250 0.000000E+00 0.000000E+00 0.000000E+00 0.000000E+00 0.000000E+00 0.000000E+00 0.000000E+00 0.000000E+00 0.000000E+00 0.000000E+00
55000 3.500 0.000000E+00 0.000000E+00 0.000000E+00 0.000000E+00 0.000000E+00 0.000000E+00 0.000000E+00 0.000000E+00 0.000000E+00 0.000000E+00
55000 3.750 0.000000E+00 0.000000E+00 0.000000E+00 0.000000E+00 0.000000E+00 0.000000E+00 0.000000E+00 0.000000E+00 0.000000E+00 0.000000E+00
55000 4.000 6.438242E+12 6.366675E+12 6.297756E+12 6.219498E+12 6.174781E+12 6.127614E+12 6.112840E+12 6.098194E+12 6.074406E+12 6.057057E+12
55000 4.250 7.135730E+12 6.968872E+12 6.829536E+12 6.692838E+12 6.617693E+12 6.532570E+12 6.503812E+12 6.473294E+12 6.422644E+12 6.394067E+12
55000 4.500 7.395999E+12 7.195460E+12 7.037570E+12 6.879179E+12 6.789665E+12 6.687545E+12 6.653846E+12 6.618720E+12 6.563450E+12 6.533827E+12
55000 4.750 7.527816E+12 7.319066E+12 7.146246E+12 6.971642E+12 6.871953E+12 6.760333E+12 6.724926E+12 6.689052E+12 6.633253E+12 6.603937E+12
