27500 3.000  6.3259E+12 6.3891E+12 6.3903E+12 6.3880E+12 6.3815E+12 6.3328E+12 6.2601E+12 6.0940E+12 5.9044E+12 5.6568E+12
27500 3.250  6.9875E+12 7.0701E+12 7.0334E+12 7.0259E+12 6.9960E+12 6.9108E+12 6.8104E+12 6.6033E+12 6.3633E+12 6.0515E+12
27500 3.500  7.3425E+12 7.4107E+12 7.3559E+12 7.3214E+12 7.2894E+12 7.1828E+12 7.0761E+12 6.8538E+12 6.6220E+12 6.3046E+12
27500 3.750  7.5397E+12 7.6043E+12 7.5203E+12 7.4763E+12 7.4346E+12 7.3112E+12 7.2015E+12 6.9953E+12 6.7695E+12 6.4652E+12
27500 4.000  7.6617E+12 7.7120E+12 7.6181E+12 7.5614E+12 7.5167E+12 7.3744E+12 7.2620E+12 7.0623E+12 6.8499E+12 6.5621E+12
27500 4.250  7.7112E+12 7.7707E+12 7.6639E+12 7.5996E+12 7.5475E+12 7.3974E+12 7.2856E+12 7.0891E+12 6.8879E+12 6.6158E+12
27500 4.500  7.7179E+12 7.7800E+12 7.6671E+12 7.5997E+12 7.5415E+12 7.3899E+12 7.2754E+12 7.0873E+12 6.8962E+12 6.6346E+12
27500 4.750  7.6817E+12 7.7499E+12 7.6354E+12 7.5673E+12 7.5086E+12 7.3571E+12 7.2445E+12 7.0631E+12 6.8817E+12 6.6342E+12
30000 3.000  7.7147E+12 7.7901E+12 7.8261E+12 7.8541E+12 7.8753E+12 7.9081E+12 7.9075E+12 7.8586E+12 7.7700E+12 7.6292E+12
30000 3.250  9.1535E+12 9.2602E+12 9.2838E+12 9.2971E+12 9.3078E+12 9.2844E+12 9.2279E+12 9.0292E+12 8.7852E+12 8.4470E+12
30000 3.500  1.0116E+13 1.0226E+13 1.0237E+13 1.0237E+13 1.0234E+13 1.0178E+13 1.0078E+13 9.8187E+12 9.4916E+12 9.0707E+12
30000 3.750  1.0740E+13 1.0862E+13 1.0842E+13 1.0830E+13 1.0817E+13 1.0739E+13 1.0625E+13 1.0349E+13 1.0013E+13 9.5595E+12
30000 4.000  1.1125E+13 1.1235E+13 1.1199E+13 1.1180E+13 1.1158E+13 1.1068E+13 1.0942E+13 1.0670E+13 1.0342E+13 9.8921E+12
30000 4.250  1.1344E+13 1.1459E+13 1.1399E+13 1.1370E+13 1.1346E+13 1.1233E+13 1.1103E+13 1.0842E+13 1.0537E+13 1.0113E+13
30000 4.500  1.1449E+13 1.1563E+13 1.1496E+13 1.1455E+13 1.1422E+13 1.1289E+13 1.1164E+13 1.0914E+13 1.0619E+13 1.0219E+13
30000 4.750  1.1470E+13 1.1588E+13 1.1511E+13 1.1463E+13 1.1425E+13 1.1287E+13 1.1156E+13 1.0917E+13 1.0637E+13 1.0275E+13
32500 3.000  0.0000E+00 0.0000E+00 0.0000E+00 0.0000E+00 0.0000E+00 0.0000E+00 0.0000E+00 0.0000E+00 0.0000E+00 0.0000E+00
32500 3.250  1.0919E+13 1.1045E+13 1.1094E+13 1.1128E+13 1.1164E+13 1.1224E+13 1.1224E+13 1.1145E+13 1.0998E+13 1.0755E+13
32500 3.500  1.2561E+13 1.2711E+13 1.2772E+13 1.2811E+13 1.2850E+13 1.2882E+13 1.2835E+13 1.2633E+13 1.2335E+13 1.1912E+13
32500 3.750  1.3770E+13 1.3942E+13 1.3989E+13 1.4020E+13 1.4041E+13 1.4052E+13 1.3975E+13 1.3689E+13 1.3317E+13 1.2777E+13
32500 4.000  1.4641E+13 1.4808E+13 1.4845E+13 1.4864E+13 1.4886E+13 1.4866E+13 1.4790E+13 1.4469E+13 1.4040E+13 1.3434E+13
32500 4.250  1.5238E+13 1.5411E+13 1.5423E+13 1.5432E+13 1.5438E+13 1.5400E+13 1.5289E+13 1.4967E+13 1.4557E+13 1.3939E+13
32500 4.500  1.5618E+13 1.5789E+13 1.5786E+13 1.5786E+13 1.5792E+13 1.5741E+13 1.5624E+13 1.5301E+13 1.4904E+13 1.4315E+13
32500 4.750  1.5829E+13 1.6003E+13 1.5984E+13 1.5975E+13 1.5973E+13 1.5902E+13 1.5787E+13 1.5485E+13 1.5099E+13 1.4539E+13
35000 3.000  0.0000E+00 0.0000E+00 0.0000E+00 0.0000E+00 0.0000E+00 0.0000E+00 0.0000E+00 0.0000E+00 0.0000E+00 0.0000E+00
35000 3.250  1.2370E+13 1.2510E+13 1.2573E+13 1.2605E+13 1.2632E+13 1.2707E+13 1.2754E+13 1.2761E+13 1.2683E+13 1.2520E+13
35000 3.500  1.4715E+13 1.4902E+13 1.4972E+13 1.5017E+13 1.5066E+13 1.5169E+13 1.5185E+13 1.5040E+13 1.4888E+13 1.4546E+13
35000 3.750  1.6454E+13 1.6674E+13 1.6742E+13 1.6805E+13 1.6874E+13 1.6952E+13 1.6976E+13 1.6769E+13 1.6482E+13 1.5979E+13
35000 4.000  1.7790E+13 1.8016E+13 1.8104E+13 1.8171E+13 1.8242E+13 1.8352E+13 1.8369E+13 1.8077E+13 1.7679E+13 1.7029E+13
35000 4.250  1.8806E+13 1.9041E+13 1.9128E+13 1.9194E+13 1.9255E+13 1.9340E+13 1.9300E+13 1.9025E+13 1.8576E+13 1.7881E+13
35000 4.500  1.9552E+13 1.9788E+13 1.9870E+13 1.9926E+13 1.9977E+13 2.0051E+13 2.0026E+13 1.9701E+13 1.9230E+13 1.8523E+13
35000 4.750  2.0072E+13 2.0311E+13 2.0364E+13 2.0419E+13 2.0460E+13 2.0509E+13 2.0454E+13 2.0162E+13 1.9689E+13 1.8969E+13
37500 3.000  0.0000E+00 0.0000E+00 0.0000E+00 0.0000E+00 0.0000E+00 0.0000E+00 0.0000E+00 0.0000E+00 0.0000E+00 0.0000E+00
37500 3.250  0.0000E+00 0.0000E+00 0.0000E+00 0.0000E+00 0.0000E+00 0.0000E+00 0.0000E+00 0.0000E+00 0.0000E+00 0.0000E+00
37500 3.500  1.6740E+13 1.6952E+13 1.7044E+13 1.7087E+13 1.7126E+13 1.7212E+13 1.7254E+13 1.7228E+13 1.7066E+13 1.6770E+13
37500 3.750  1.9007E+13 1.9273E+13 1.9370E+13 1.9424E+13 1.9481E+13 1.9637E+13 1.9678E+13 1.9605E+13 1.9355E+13 1.8919E+13
37500 4.000  2.0723E+13 2.1003E+13 2.1125E+13 2.1194E+13 2.1283E+13 2.1473E+13 2.1523E+13 2.1378E+13 2.1062E+13 2.0479E+13
37500 4.250  2.2054E+13 2.2340E+13 2.2473E+13 2.2562E+13 2.2668E+13 2.2892E+13 2.2933E+13 2.2755E+13 2.2383E+13 2.1729E+13
37500 4.500  2.3078E+13 2.3379E+13 2.3509E+13 2.3606E+13 2.3721E+13 2.3961E+13 2.3998E+13 2.3796E+13 2.3373E+13 2.2831E+13
37500 4.750  2.3849E+13 2.4154E+13 2.4280E+13 2.4379E+13 2.4496E+13 2.4714E+13 2.4757E+13 2.4574E+13 2.4121E+13 2.3362E+13
40000 3.000  0.0000E+00 0.0000E+00 0.0000E+00 0.0000E+00 0.0000E+00 0.0000E+00 0.0000E+00 0.0000E+00 0.0000E+00 0.0000E+00
40000 3.250  0.0000E+00 0.0000E+00 0.0000E+00 0.0000E+00 0.0000E+00 0.0000E+00 0.0000E+00 0.0000E+00 0.0000E+00 0.0000E+00
40000 3.500  1.8608E+13 1.8830E+13 1.8942E+13 1.8992E+13 1.9027E+13 1.9097E+13 1.9115E+13 1.9049E+13 1.8890E+13 1.8612E+13
40000 3.750  2.1569E+13 2.1879E+13 2.1999E+13 2.2057E+13 2.2114E+13 2.2224E+13 2.2271E+13 2.2221E+13 2.1985E+13 2.1575E+13
40000 4.000  2.3672E+13 2.4000E+13 2.4157E+13 2.4234E+13 2.4318E+13 2.4427E+13 2.4574E+13 2.4568E+13 2.4205E+13 2.3729E+13
40000 4.250  2.5260E+13 2.5626E+13 2.5781E+13 2.5876E+13 2.5986E+13 2.6254E+13 2.6401E+13 2.6348E+13 2.6010E+13 2.5406E+13
40000 4.500  2.6480E+13 2.6846E+13 2.7013E+13 2.7130E+13 2.7261E+13 2.7591E+13 2.7795E+13 2.7718E+13 2.7350E+13 2.6860E+13
40000 4.750  2.7408E+13 2.7782E+13 2.7955E+13 2.8076E+13 2.8220E+13 2.8593E+13 2.8767E+13 2.8721E+13 2.8367E+13 2.7641E+13
42500 3.000  0.0000E+00 0.0000E+00 0.0000E+00 0.0000E+00 0.0000E+00 0.0000E+00 0.0000E+00 0.0000E+00 0.0000E+00 0.0000E+00
42500 3.250  0.0000E+00 0.0000E+00 0.0000E+00 0.0000E+00 0.0000E+00 0.0000E+00 0.0000E+00 0.0000E+00 0.0000E+00 0.0000E+00
42500 3.500  0.0000E+00 0.0000E+00 0.0000E+00 0.0000E+00 0.0000E+00 0.0000E+00 0.0000E+00 0.0000E+00 0.0000E+00 0.0000E+00
42500 3.750  2.4135E+13 2.4453E+13 2.4620E+13 2.4686E+13 2.4740E+13 2.4818E+13 2.4817E+13 2.4697E+13 2.4441E+13 2.3994E+13
42500 4.000  2.6727E+13 2.7101E+13 2.7301E+13 2.7384E+13 2.7465E+13 2.7605E+13 2.7659E+13 2.7619E+13 2.7344E+13 2.6787E+13
42500 4.250  2.8589E+13 2.9011E+13 2.9228E+13 2.9317E+13 2.9426E+13 2.9665E+13 2.9813E+13 2.9804E+13 2.9553E+13 2.8929E+13
42500 4.500  2.9969E+13 3.0401E+13 3.0647E+13 3.0747E+13 3.0881E+13 3.1202E+13 3.1425E+13 3.1479E+13 3.1227E+13 3.0624E+13
42500 4.750  3.0999E+13 3.1445E+13 3.1670E+13 3.1806E+13 3.1962E+13 3.2360E+13 3.2628E+13 3.2743E+13 3.2484E+13 3.1841E+13
45000 3.000  0.0000E+00 0.0000E+00 0.0000E+00 0.0000E+00 0.0000E+00 0.0000E+00 0.0000E+00 0.0000E+00 0.0000E+00 0.0000E+00
45000 3.250  0.0000E+00 0.0000E+00 0.0000E+00 0.0000E+00 0.0000E+00 0.0000E+00 0.0000E+00 0.0000E+00 0.0000E+00 0.0000E+00
45000 3.500  0.0000E+00 0.0000E+00 0.0000E+00 0.0000E+00 0.0000E+00 0.0000E+00 0.0000E+00 0.0000E+00 0.0000E+00 0.0000E+00
45000 3.750  2.6582E+13 2.6911E+13 2.7094E+13 2.7172E+13 2.7232E+13 2.7329E+13 2.7298E+13 2.7248E+13 2.7038E+13 2.6686E+13
45000 4.000  2.9875E+13 3.0297E+13 3.0528E+13 3.0620E+13 3.0703E+13 3.0823E+13 3.0828E+13 3.0685E+13 3.0361E+13 2.9777E+13
45000 4.250  3.2081E+13 3.2565E+13 3.2826E+13 3.2925E+13 3.3037E+13 3.3243E+13 3.3351E+13 3.3298E+13 3.3007E+13 3.2367E+13
45000 4.500  3.3639E+13 3.4140E+13 3.4434E+13 3.4552E+13 3.4692E+13 3.5003E+13 3.5244E+13 3.5323E+13 3.5058E+13 3.4411E+13
45000 4.750  3.4758E+13 3.5277E+13 3.5560E+13 3.5711E+13 3.5875E+13 3.6287E+13 3.6629E+13 3.6803E+13 3.6620E+13 3.5972E+13
47500 3.000  0.0000E+00 0.0000E+00 0.0000E+00 0.0000E+00 0.0000E+00 0.0000E+00 0.0000E+00 0.0000E+00 0.0000E+00 0.0000E+00
47500 3.250  0.0000E+00 0.0000E+00 0.0000E+00 0.0000E+00 0.0000E+00 0.0000E+00 0.0000E+00 0.0000E+00 0.0000E+00 0.0000E+00
47500 3.500  0.0000E+00 0.0000E+00 0.0000E+00 0.0000E+00 0.0000E+00 0.0000E+00 0.0000E+00 0.0000E+00 0.0000E+00 0.0000E+00
47500 3.750  2.8691E+13 2.8995E+13 2.9149E+13 2.9230E+13 2.9297E+13 2.9445E+13 2.9527E+13 2.9597E+13 2.9607E+13 2.9556E+13
47500 4.000  3.3046E+13 3.3495E+13 3.3748E+13 3.3862E+13 3.3947E+13 3.4088E+13 3.4095E+13 3.3957E+13 3.3641E+13 3.3097E+13
47500 4.250  3.5710E+13 3.6252E+13 3.6539E+13 3.6666E+13 3.6787E+13 3.6968E+13 3.7035E+13 3.6912E+13 3.6544E+13 3.5868E+13
47500 4.500  3.7500E+13 3.8069E+13 3.8417E+13 3.8549E+13 3.8699E+13 3.8985E+13 3.9106E+13 3.9125E+13 3.8883E+13 3.8208E+13
47500 4.750  3.8725E+13 3.9320E+13 3.9663E+13 3.9832E+13 4.0008E+13 4.0390E+13 4.0637E+13 4.0840E+13 4.0685E+13 4.0062E+13
50000 3.000  0.0000E+00 0.0000E+00 0.0000E+00 0.0000E+00 0.0000E+00 0.0000E+00 0.0000E+00 0.0000E+00 0.0000E+00 0.0000E+00
50000 3.250  0.0000E+00 0.0000E+00 0.0000E+00 0.0000E+00 0.0000E+00 0.0000E+00 0.0000E+00 0.0000E+00 0.0000E+00 0.0000E+00
50000 3.500  0.0000E+00 0.0000E+00 0.0000E+00 0.0000E+00 0.0000E+00 0.0000E+00 0.0000E+00 0.0000E+00 0.0000E+00 0.0000E+00
50000 3.750  0.0000E+00 0.0000E+00 0.0000E+00 0.0000E+00 0.0000E+00 0.0000E+00 0.0000E+00 0.0000E+00 0.0000E+00 0.0000E+00
50000 4.000  3.6154E+13 3.6611E+13 3.6877E+13 3.7001E+13 3.7109E+13 3.7302E+13 3.7390E+13 3.7347E+13 3.7158E+13 3.6788E+13
50000 4.250  3.9438E+13 4.0026E+13 4.0346E+13 4.0492E+13 4.0629E+13 4.0847E+13 4.0894E+13 4.0809E+13 4.0430E+13 3.9812E+13
50000 4.500  4.1524E+13 4.2157E+13 4.2517E+13 4.2707E+13 4.2871E+13 4.3164E+13 4.3331E+13 4.3225E+13 4.2863E+13 4.2207E+13
50000 4.750  4.2896E+13 4.3563E+13 4.3965E+13 4.4154E+13 4.4345E+13 4.4740E+13 4.5019E+13 4.5089E+13 4.4894E+13 4.4250E+13
52500 3.000  0.0000E+00 0.0000E+00 0.0000E+00 0.0000E+00 0.0000E+00 0.0000E+00 0.0000E+00 0.0000E+00 0.0000E+00 0.0000E+00
52500 3.250  0.0000E+00 0.0000E+00 0.0000E+00 0.0000E+00 0.0000E+00 0.0000E+00 0.0000E+00 0.0000E+00 0.0000E+00 0.0000E+00
52500 3.500  0.0000E+00 0.0000E+00 0.0000E+00 0.0000E+00 0.0000E+00 0.0000E+00 0.0000E+00 0.0000E+00 0.0000E+00 0.0000E+00
52500 3.750  0.0000E+00 0.0000E+00 0.0000E+00 0.0000E+00 0.0000E+00 0.0000E+00 0.0000E+00 0.0000E+00 0.0000E+00 0.0000E+00
52500 4.000  3.9082E+13 3.9521E+13 3.9737E+13 3.9858E+13 3.9967E+13 4.0213E+13 4.0355E+13 4.0488E+13 4.0499E+13 4.0415E+13
52500 4.250  4.3225E+13 4.3846E+13 4.4180E+13 4.4349E+13 4.4502E+13 4.4792E+13 4.4879E+13 4.4870E+13 4.4621E+13 4.4081E+13
52500 4.500  4.5695E+13 4.6373E+13 4.6817E+13 4.6989E+13 4.7174E+13 4.7490E+13 4.7623E+13 4.7608E+13 4.7282E+13 4.6738E+13
52500 4.750  4.7248E+13 4.7978E+13 4.8434E+13 4.8647E+13 4.8859E+13 4.9258E+13 4.9458E+13 4.9548E+13 4.9331E+13 4.8683E+13
55000 3.000  0.0000E+00 0.0000E+00 0.0000E+00 0.0000E+00 0.0000E+00 0.0000E+00 0.0000E+00 0.0000E+00 0.0000E+00 0.0000E+00
55000 3.250  0.0000E+00 0.0000E+00 0.0000E+00 0.0000E+00 0.0000E+00 0.0000E+00 0.0000E+00 0.0000E+00 0.0000E+00 0.0000E+00
55000 3.500  0.0000E+00 0.0000E+00 0.0000E+00 0.0000E+00 0.0000E+00 0.0000E+00 0.0000E+00 0.0000E+00 0.0000E+00 0.0000E+00
55000 3.750  0.0000E+00 0.0000E+00 0.0000E+00 0.0000E+00 0.0000E+00 0.0000E+00 0.0000E+00 0.0000E+00 0.0000E+00 0.0000E+00
55000 4.000  4.1580E+13 4.1961E+13 4.2042E+13 4.2111E+13 4.2182E+13 4.2417E+13 4.2635E+13 4.2987E+13 4.3266E+13 4.3534E+13
55000 4.250  4.7030E+13 4.7624E+13 4.7987E+13 4.8162E+13 4.8332E+13 4.8676E+13 4.8844E+13 4.8923E+13 4.8836E+13 4.8501E+13
55000 4.500  4.9982E+13 5.0700E+13 5.1172E+13 5.1365E+13 5.1574E+13 5.1971E+13 5.2209E+13 5.2230E+13 5.1847E+13 5.1556E+13
55000 4.750  5.1764E+13 5.2547E+13 5.3049E+13 5.3287E+13 5.3523E+13 5.3994E+13 5.4227E+13 5.4325E+13 5.4176E+13 5.3554E+13
