27500 3.000  1.7982E+23 1.6173E+23 1.4920E+23 1.3975E+23 1.3653E+23 1.3513E+23 1.3534E+23 1.3602E+23 1.3861E+23 1.3922E+23
27500 3.250  9.9667E+22 8.4699E+22 7.4179E+22 6.5152E+22 6.0780E+22 5.6836E+22 5.5839E+22 5.5223E+22 5.5174E+22 5.5550E+22
27500 3.500  6.0819E+22 4.9586E+22 4.1607E+22 3.4163E+22 3.0172E+22 2.5857E+22 2.4523E+22 2.3226E+22 2.1601E+22 2.1286E+22
27500 3.750  4.1296E+22 3.2946E+22 2.7005E+22 2.1433E+22 1.8343E+22 1.4826E+22 1.3662E+22 1.2482E+22 1.0695E+22 1.0249E+22
27500 4.000  3.0736E+22 2.4307E+22 1.9756E+22 1.5477E+22 1.3079E+22 1.0301E+22 9.3841E+21 8.4232E+21 6.9544E+21 6.5481E+21
27500 4.250  2.4401E+22 1.9207E+22 1.5550E+22 1.2118E+22 1.0199E+22 7.9999E+21 7.2709E+21 6.5174E+21 5.3535E+21 5.0359E+21
27500 4.500  2.0119E+22 1.5822E+22 1.2769E+22 9.9401E+21 8.3774E+21 6.6254E+21 6.0516E+21 5.4620E+21 4.5468E+21 4.2922E+21
27500 4.750  1.7061E+22 1.3341E+22 1.0748E+22 8.3947E+21 7.1245E+21 5.7364E+21 5.2881E+21 4.8276E+21 4.1038E+21 3.8963E+21
30000 3.000  4.7345E+23 4.5592E+23 4.4274E+23 4.3182E+23 4.2725E+23 4.2347E+23 4.2248E+23 4.2256E+23 4.2593E+23 4.2561E+23
30000 3.250  3.2290E+23 2.9667E+23 2.7756E+23 2.6214E+23 2.5622E+23 2.5263E+23 2.5238E+23 2.5273E+23 2.5574E+23 2.5634E+23
30000 3.500  2.2682E+23 1.9960E+23 1.7967E+23 1.6287E+23 1.5549E+23 1.5006E+23 1.4920E+23 1.4892E+23 1.5032E+23 1.5095E+23
30000 3.750  1.6511E+23 1.3974E+23 1.2121E+23 1.0494E+23 9.7237E+22 9.0606E+22 8.9114E+22 8.8037E+22 8.7640E+22 8.7877E+22
30000 4.000  1.2467E+23 1.0222E+23 8.5913E+22 7.1583E+22 6.4529E+22 5.8064E+22 5.6371E+22 5.4952E+22 5.3567E+22 5.3333E+22
30000 4.250  9.7423E+22 7.8145E+22 6.4485E+22 5.2527E+22 4.6598E+22 4.0842E+22 3.9263E+22 3.7798E+22 3.6014E+22 3.5662E+22
30000 4.500  7.8655E+22 6.2709E+22 5.1266E+22 4.1443E+22 3.6537E+22 3.1565E+22 3.0136E+22 2.8748E+22 2.6975E+22 2.6599E+22
30000 4.750  6.5909E+22 5.2440E+22 4.2863E+22 3.4676E+22 3.0528E+22 2.6264E+22 2.4994E+22 2.3738E+22 2.2076E+22 2.1722E+22
32500 3.000  0.0000E+00 0.0000E+00 0.0000E+00 0.0000E+00 0.0000E+00 0.0000E+00 0.0000E+00 0.0000E+00 0.0000E+00 0.0000E+00
32500 3.250  6.8131E+23 6.5672E+23 6.3841E+23 6.2221E+23 6.1425E+23 6.0625E+23 6.0445E+23 6.0398E+23 6.0627E+23 6.0577E+23
32500 3.500  5.3489E+23 5.0012E+23 4.7464E+23 4.5293E+23 4.4363E+23 4.3671E+23 4.3550E+23 4.3570E+23 4.3852E+23 4.3900E+23
32500 3.750  4.3192E+23 3.9241E+23 3.6318E+23 3.3835E+23 3.2801E+23 3.2115E+23 3.2020E+23 3.2010E+23 3.2313E+23 3.2354E+23
32500 4.000  3.5445E+23 3.1432E+23 2.8384E+23 2.5794E+23 2.4722E+23 2.3944E+23 2.3841E+23 2.3805E+23 2.3957E+23 2.4013E+23
32500 4.250  2.9633E+23 2.5686E+23 2.2743E+23 2.0207E+23 1.9087E+23 1.8258E+23 1.8113E+23 1.8034E+23 1.8067E+23 1.8090E+23
32500 4.500  2.5123E+23 2.1393E+23 1.8630E+23 1.6251E+23 1.5193E+23 1.4376E+23 1.4220E+23 1.4110E+23 1.4059E+23 1.4050E+23
32500 4.750  2.1646E+23 1.8189E+23 1.5661E+23 1.3528E+23 1.2573E+23 1.1801E+23 1.1640E+23 1.1513E+23 1.1407E+23 1.1388E+23
35000 3.000  0.0000E+00 0.0000E+00 0.0000E+00 0.0000E+00 0.0000E+00 0.0000E+00 0.0000E+00 0.0000E+00 0.0000E+00 0.0000E+00
35000 3.250  1.2131E+24 1.1913E+24 1.1729E+24 1.1523E+24 1.1387E+24 1.1243E+24 1.1204E+24 1.1178E+24 1.1146E+24 1.1101E+24
35000 3.500  9.7909E+23 9.4619E+23 9.2190E+23 8.9826E+23 8.8531E+23 8.7262E+23 8.6979E+23 8.6801E+23 8.6794E+23 8.6645E+23
35000 3.750  8.3528E+23 7.9275E+23 7.6118E+23 7.3282E+23 7.2033E+23 7.0828E+23 7.0633E+23 7.0549E+23 7.0778E+23 7.0723E+23
35000 4.000  7.3073E+23 6.8197E+23 6.4492E+23 6.1290E+23 6.0051E+23 5.9086E+23 5.8943E+23 5.8912E+23 5.9275E+23 5.9215E+23
35000 4.250  6.4799E+23 5.9602E+23 5.5629E+23 5.2368E+23 5.1045E+23 5.0187E+23 5.0083E+23 5.0086E+23 5.0322E+23 5.0402E+23
35000 4.500  5.8076E+23 5.2735E+23 4.8665E+23 4.5307E+23 4.4046E+23 4.3269E+23 4.3194E+23 4.3210E+23 4.3429E+23 4.3483E+23
35000 4.750  5.2524E+23 4.7156E+23 4.3123E+23 3.9895E+23 3.8629E+23 3.7889E+23 3.7824E+23 3.7857E+23 3.8010E+23 3.8043E+23
37500 3.000  0.0000E+00 0.0000E+00 0.0000E+00 0.0000E+00 0.0000E+00 0.0000E+00 0.0000E+00 0.0000E+00 0.0000E+00 0.0000E+00
37500 3.250  0.0000E+00 0.0000E+00 0.0000E+00 0.0000E+00 0.0000E+00 0.0000E+00 0.0000E+00 0.0000E+00 0.0000E+00 0.0000E+00
37500 3.500  1.6008E+24 1.5682E+24 1.5408E+24 1.5097E+24 1.4897E+24 1.4684E+24 1.4625E+24 1.4573E+24 1.4510E+24 1.4458E+24
37500 3.750  1.3910E+24 1.3481E+24 1.3149E+24 1.2824E+24 1.2628E+24 1.2436E+24 1.2388E+24 1.2359E+24 1.2323E+24 1.2295E+24
37500 4.000  1.2511E+24 1.1987E+24 1.1599E+24 1.1247E+24 1.1065E+24 1.0896E+24 1.0863E+24 1.0851E+24 1.0838E+24 1.0816E+24
37500 4.250  1.1465E+24 1.0880E+24 1.0450E+24 1.0081E+24 9.9097E+23 9.7692E+23 9.7454E+23 9.7288E+23 9.7301E+23 9.7285E+23
37500 4.500  1.0607E+24 1.0016E+24 9.5571E+23 9.1793E+23 9.0199E+23 8.9050E+23 8.8895E+23 8.8804E+23 8.8882E+23 8.8909E+23
37500 4.750  9.9490E+23 9.3098E+23 8.8351E+23 8.4645E+23 8.3188E+23 8.2229E+23 8.2138E+23 8.2107E+23 8.2226E+23 8.2254E+23
40000 3.000  0.0000E+00 0.0000E+00 0.0000E+00 0.0000E+00 0.0000E+00 0.0000E+00 0.0000E+00 0.0000E+00 0.0000E+00 0.0000E+00
40000 3.250  0.0000E+00 0.0000E+00 0.0000E+00 0.0000E+00 0.0000E+00 0.0000E+00 0.0000E+00 0.0000E+00 0.0000E+00 0.0000E+00
40000 3.500  2.4231E+24 2.3864E+24 2.3500E+24 2.3066E+24 2.2798E+24 2.2486E+24 2.2383E+24 2.2281E+24 2.2114E+24 2.2009E+24
40000 3.750  2.1323E+24 2.0865E+24 2.0464E+24 2.0002E+24 1.9716E+24 1.9413E+24 1.9326E+24 1.9243E+24 1.9135E+24 1.9071E+24
40000 4.000  1.9423E+24 1.8875E+24 1.8422E+24 1.7967E+24 1.7699E+24 1.7407E+24 1.7335E+24 1.7269E+24 1.7193E+24 1.7159E+24
40000 4.250  1.8059E+24 1.7431E+24 1.6950E+24 1.6493E+24 1.6240E+24 1.5996E+24 1.5937E+24 1.5885E+24 1.5854E+24 1.5815E+24
40000 4.500  1.6989E+24 1.6350E+24 1.5842E+24 1.5390E+24 1.5168E+24 1.4958E+24 1.4911E+24 1.4871E+24 1.4836E+24 1.4823E+24
40000 4.750  1.6203E+24 1.5503E+24 1.4987E+24 1.4554E+24 1.4347E+24 1.4169E+24 1.4131E+24 1.4099E+24 1.4076E+24 1.4069E+24
42500 3.000  0.0000E+00 0.0000E+00 0.0000E+00 0.0000E+00 0.0000E+00 0.0000E+00 0.0000E+00 0.0000E+00 0.0000E+00 0.0000E+00
42500 3.250  0.0000E+00 0.0000E+00 0.0000E+00 0.0000E+00 0.0000E+00 0.0000E+00 0.0000E+00 0.0000E+00 0.0000E+00 0.0000E+00
42500 3.500  0.0000E+00 0.0000E+00 0.0000E+00 0.0000E+00 0.0000E+00 0.0000E+00 0.0000E+00 0.0000E+00 0.0000E+00 0.0000E+00
42500 3.750  3.0721E+24 3.0168E+24 2.9635E+24 2.9016E+24 2.8640E+24 2.8214E+24 2.8076E+24 2.7937E+24 2.7718E+24 2.7605E+24
42500 4.000  2.8287E+24 2.7648E+24 2.7081E+24 2.6425E+24 2.6030E+24 2.5615E+24 2.5495E+24 2.5376E+24 2.5210E+24 2.5134E+24
42500 4.250  2.6553E+24 2.5840E+24 2.5259E+24 2.4601E+24 2.4218E+24 2.3832E+24 2.3728E+24 2.3626E+24 2.3500E+24 2.3451E+24
42500 4.500  2.5248E+24 2.4494E+24 2.3901E+24 2.3273E+24 2.2913E+24 2.2558E+24 2.2469E+24 2.2405E+24 2.2289E+24 2.2253E+24
42500 4.750  2.4260E+24 2.3466E+24 2.2868E+24 2.2279E+24 2.1946E+24 2.1625E+24 2.1546E+24 2.1475E+24 2.1400E+24 2.1372E+24
45000 3.000  0.0000E+00 0.0000E+00 0.0000E+00 0.0000E+00 0.0000E+00 0.0000E+00 0.0000E+00 0.0000E+00 0.0000E+00 0.0000E+00
45000 3.250  0.0000E+00 0.0000E+00 0.0000E+00 0.0000E+00 0.0000E+00 0.0000E+00 0.0000E+00 0.0000E+00 0.0000E+00 0.0000E+00
45000 3.500  0.0000E+00 0.0000E+00 0.0000E+00 0.0000E+00 0.0000E+00 0.0000E+00 0.0000E+00 0.0000E+00 0.0000E+00 0.0000E+00
45000 3.750  4.1898E+24 4.1269E+24 4.0661E+24 3.9939E+24 3.9508E+24 3.8971E+24 3.8785E+24 3.8590E+24 3.8264E+24 3.8099E+24
45000 4.000  3.9153E+24 3.8363E+24 3.7615E+24 3.6768E+24 3.6265E+24 3.5704E+24 3.5527E+24 3.5345E+24 3.5061E+24 3.4935E+24
45000 4.250  3.7087E+24 3.6227E+24 3.5439E+24 3.4536E+24 3.4019E+24 3.3474E+24 3.3315E+24 3.3152E+24 3.2921E+24 3.2830E+24
45000 4.500  3.5523E+24 3.4618E+24 3.3821E+24 3.2917E+24 3.2412E+24 3.1897E+24 3.1755E+24 3.1613E+24 3.1431E+24 3.1359E+24
45000 4.750  3.4318E+24 3.3382E+24 3.2606E+24 3.1729E+24 3.1244E+24 3.0761E+24 3.0634E+24 3.0513E+24 3.0361E+24 3.0307E+24
47500 3.000  0.0000E+00 0.0000E+00 0.0000E+00 0.0000E+00 0.0000E+00 0.0000E+00 0.0000E+00 0.0000E+00 0.0000E+00 0.0000E+00
47500 3.250  0.0000E+00 0.0000E+00 0.0000E+00 0.0000E+00 0.0000E+00 0.0000E+00 0.0000E+00 0.0000E+00 0.0000E+00 0.0000E+00
47500 3.500  0.0000E+00 0.0000E+00 0.0000E+00 0.0000E+00 0.0000E+00 0.0000E+00 0.0000E+00 0.0000E+00 0.0000E+00 0.0000E+00
47500 3.750  5.4883E+24 5.4248E+24 5.3631E+24 5.2889E+24 5.2407E+24 5.1805E+24 5.1586E+24 5.1358E+24 5.0960E+24 5.0744E+24
47500 4.000  5.1875E+24 5.0938E+24 5.0066E+24 4.9093E+24 4.8501E+24 4.7805E+24 4.7570E+24 4.7326E+24 4.6926E+24 4.6747E+24
47500 4.250  4.9655E+24 4.8570E+24 4.7561E+24 4.6452E+24 4.5810E+24 4.5094E+24 4.4872E+24 4.4642E+24 4.4283E+24 4.4141E+24
47500 4.500  4.7909E+24 4.6766E+24 4.5714E+24 4.4536E+24 4.3865E+24 4.3169E+24 4.2965E+24 4.2754E+24 4.2457E+24 4.2341E+24
47500 4.750  4.6533E+24 4.5370E+24 4.4310E+24 4.3117E+24 4.2450E+24 4.1780E+24 4.1593E+24 4.1410E+24 4.1155E+24 4.1062E+24
50000 3.000  0.0000E+00 0.0000E+00 0.0000E+00 0.0000E+00 0.0000E+00 0.0000E+00 0.0000E+00 0.0000E+00 0.0000E+00 0.0000E+00
50000 3.250  0.0000E+00 0.0000E+00 0.0000E+00 0.0000E+00 0.0000E+00 0.0000E+00 0.0000E+00 0.0000E+00 0.0000E+00 0.0000E+00
50000 3.500  0.0000E+00 0.0000E+00 0.0000E+00 0.0000E+00 0.0000E+00 0.0000E+00 0.0000E+00 0.0000E+00 0.0000E+00 0.0000E+00
50000 3.750  0.0000E+00 0.0000E+00 0.0000E+00 0.0000E+00 0.0000E+00 0.0000E+00 0.0000E+00 0.0000E+00 0.0000E+00 0.0000E+00
50000 4.000  6.6525E+24 6.5506E+24 6.4565E+24 6.3497E+24 6.2838E+24 6.2038E+24 6.1763E+24 6.1468E+24 6.0979E+24 6.0751E+24
50000 4.250  6.4153E+24 6.2875E+24 6.1708E+24 6.0449E+24 5.9695E+24 5.8823E+24 5.8539E+24 5.8240E+24 5.7757E+24 5.7566E+24
50000 4.500  6.2357E+24 6.0937E+24 5.9631E+24 5.8214E+24 5.7420E+24 5.6536E+24 5.6263E+24 5.5988E+24 5.5550E+24 5.5381E+24
50000 4.750  6.0906E+24 5.9417E+24 5.8050E+24 5.6549E+24 5.5734E+24 5.4869E+24 5.4614E+24 5.4357E+24 5.3976E+24 5.3834E+24
52500 3.000  0.0000E+00 0.0000E+00 0.0000E+00 0.0000E+00 0.0000E+00 0.0000E+00 0.0000E+00 0.0000E+00 0.0000E+00 0.0000E+00
52500 3.250  0.0000E+00 0.0000E+00 0.0000E+00 0.0000E+00 0.0000E+00 0.0000E+00 0.0000E+00 0.0000E+00 0.0000E+00 0.0000E+00
52500 3.500  0.0000E+00 0.0000E+00 0.0000E+00 0.0000E+00 0.0000E+00 0.0000E+00 0.0000E+00 0.0000E+00 0.0000E+00 0.0000E+00
52500 3.750  0.0000E+00 0.0000E+00 0.0000E+00 0.0000E+00 0.0000E+00 0.0000E+00 0.0000E+00 0.0000E+00 0.0000E+00 0.0000E+00
52500 4.000  8.3413E+24 8.2340E+24 8.1340E+24 8.0187E+24 7.9464E+24 7.8586E+24 7.8282E+24 7.7958E+24 7.7406E+24 7.7133E+24
52500 4.250  8.0773E+24 7.9339E+24 7.8058E+24 7.6658E+24 7.5806E+24 7.4805E+24 7.4468E+24 7.4111E+24 7.3520E+24 7.3283E+24
52500 4.500  7.8848E+24 7.7204E+24 7.5721E+24 7.4154E+24 7.3206E+24 7.2140E+24 7.1800E+24 7.1437E+24 7.0887E+24 7.0664E+24
52500 4.750  7.7410E+24 7.5593E+24 7.3976E+24 7.2250E+24 7.1262E+24 7.0186E+24 6.9858E+24 6.9520E+24 6.9006E+24 6.8808E+24
55000 3.000  0.0000E+00 0.0000E+00 0.0000E+00 0.0000E+00 0.0000E+00 0.0000E+00 0.0000E+00 0.0000E+00 0.0000E+00 0.0000E+00
55000 3.250  0.0000E+00 0.0000E+00 0.0000E+00 0.0000E+00 0.0000E+00 0.0000E+00 0.0000E+00 0.0000E+00 0.0000E+00 0.0000E+00
55000 3.500  0.0000E+00 0.0000E+00 0.0000E+00 0.0000E+00 0.0000E+00 0.0000E+00 0.0000E+00 0.0000E+00 0.0000E+00 0.0000E+00
55000 3.750  0.0000E+00 0.0000E+00 0.0000E+00 0.0000E+00 0.0000E+00 0.0000E+00 0.0000E+00 0.0000E+00 0.0000E+00 0.0000E+00
55000 4.000  1.0260E+25 1.0150E+25 1.0046E+25 9.9249E+24 9.8492E+24 9.7584E+24 9.7274E+24 9.6949E+24 9.6390E+24 9.6088E+24
55000 4.250  9.9796E+24 9.8233E+24 9.6835E+24 9.5280E+24 9.4337E+24 9.3219E+24 9.2842E+24 9.2439E+24 9.1782E+24 9.1480E+24
55000 4.500  9.7668E+24 9.5854E+24 9.4174E+24 9.2399E+24 9.1363E+24 9.0141E+24 8.9742E+24 8.9313E+24 8.8651E+24 8.8375E+24
55000 4.750  9.6155E+24 9.4053E+24 9.2235E+24 9.0286E+24 8.9156E+24 8.7887E+24 8.7487E+24 8.7071E+24 8.6428E+24 8.6174E+24
