27500 3.000  7.0788E+20 6.2001E+20 5.5063E+20 4.8250E+20 4.4653E+20 4.0658E+20 3.9345E+20 3.7938E+20 3.5420E+20 3.2989E+20
27500 3.250  2.7828E+20 2.2227E+20 1.7470E+20 1.2470E+20 9.5952E+19 6.6186E+19 5.7685E+19 5.0264E+19 4.0905E+19 3.8545E+19
27500 3.500  1.4542E+20 1.0731E+20 7.7206E+19 4.7948E+19 3.3101E+19 1.9567E+19 1.6173E+19 1.3268E+19 9.9310E+18 9.2167E+18
27500 3.750  8.8647E+19 6.2501E+19 4.2784E+19 2.4873E+19 1.6296E+19 8.9043E+18 7.1285E+18 5.6522E+18 3.9553E+18 3.6020E+18
27500 4.000  6.0792E+19 4.1858E+19 2.7962E+19 1.5751E+19 1.0098E+19 5.3692E+18 4.2758E+18 3.3622E+18 2.3384E+18 2.1212E+18
27500 4.250  4.5027E+19 3.0513E+19 2.0064E+19 1.1084E+19 7.0413E+18 3.7679E+18 3.0202E+18 2.4063E+18 1.7196E+18 1.5631E+18
27500 4.500  3.4769E+19 2.3337E+19 1.5122E+19 8.2382E+18 5.2342E+18 2.8753E+18 2.3454E+18 1.9114E+18 1.4258E+18 1.3067E+18
27500 4.750  2.7618E+19 1.8229E+19 1.1659E+19 6.3071E+18 4.0495E+18 2.3255E+18 1.9420E+18 1.6272E+18 1.2704E+18 1.1732E+18
30000 3.000  1.8905E+22 1.9946E+22 2.0997E+22 2.2398E+22 2.3590E+22 2.5788E+22 2.6732E+22 2.7774E+22 2.9654E+22 2.9692E+22
30000 3.250  3.4784E+21 3.2279E+21 3.1701E+21 3.3195E+21 3.5823E+21 4.0395E+21 4.2559E+21 4.4990E+21 4.9244E+21 4.8994E+21
30000 3.500  1.3084E+21 1.1385E+21 1.0007E+21 8.5904E+20 7.7804E+20 6.8934E+20 6.6196E+20 6.3530E+20 5.9966E+20 5.7713E+20
30000 3.750  7.8716E+20 6.3643E+20 5.0901E+20 3.7706E+20 3.0362E+20 2.2917E+20 2.0839E+20 1.8952E+20 1.6647E+20 1.5927E+20
30000 4.000  5.3296E+20 4.0422E+20 3.0112E+20 2.0179E+20 1.5082E+20 1.0420E+20 9.2173E+19 8.1773E+19 6.9752E+19 6.6348E+19
30000 4.250  3.8330E+20 2.7790E+20 1.9764E+20 1.2474E+20 8.9697E+19 5.8935E+19 5.1395E+19 4.4866E+19 3.7412E+19 3.5490E+19
30000 4.500  2.8847E+20 2.0438E+20 1.4139E+20 8.6805E+19 6.1341E+19 3.9403E+19 3.4104E+19 2.9516E+19 2.4402E+19 2.3107E+19
30000 4.750  2.2723E+20 1.5852E+20 1.0829E+20 6.5734E+19 4.6171E+19 2.9581E+19 2.5579E+19 2.2126E+19 1.8309E+19 1.7331E+19
32500 3.000  0.0000E+00 0.0000E+00 0.0000E+00 0.0000E+00 0.0000E+00 0.0000E+00 0.0000E+00 0.0000E+00 0.0000E+00 0.0000E+00
32500 3.250  3.9873E+22 4.3181E+22 4.6283E+22 5.0048E+22 5.2978E+22 5.7976E+22 6.0083E+22 6.2375E+22 6.6378E+22 6.6845E+22
32500 3.500  1.7215E+22 1.7556E+22 1.8302E+22 1.9969E+22 2.1540E+22 2.4263E+22 2.5518E+22 2.7080E+22 2.9618E+22 2.9823E+22
32500 3.750  7.3858E+21 7.0486E+21 7.0529E+21 7.4223E+21 7.8921E+21 8.8004E+21 9.2343E+21 9.7834E+21 1.0882E+22 1.0912E+22
32500 4.000  3.9983E+21 3.6451E+21 3.3869E+21 3.2092E+21 3.1838E+21 3.2253E+21 3.2862E+21 3.3745E+21 3.5820E+21 3.5665E+21
32500 4.250  2.7219E+21 2.3621E+21 2.0641E+21 1.7675E+21 1.6108E+21 1.4667E+21 1.4330E+21 1.4082E+21 1.3919E+21 1.3639E+21
32500 4.500  2.0562E+21 1.7100E+21 1.4181E+21 1.1245E+21 9.7013E+20 8.2416E+20 7.8725E+20 7.5402E+20 7.1597E+20 6.9483E+20
32500 4.750  1.6392E+21 1.3156E+21 1.0487E+21 7.9188E+20 6.6072E+20 5.3916E+20 5.0871E+20 4.8145E+20 4.4963E+20 4.3541E+20
35000 3.000  0.0000E+00 0.0000E+00 0.0000E+00 0.0000E+00 0.0000E+00 0.0000E+00 0.0000E+00 0.0000E+00 0.0000E+00 0.0000E+00
35000 3.250  1.2886E+23 1.3816E+23 1.4789E+23 1.6093E+23 1.7003E+23 1.8136E+23 1.8550E+23 1.9009E+23 1.9874E+23 2.0018E+23
35000 3.500  8.2506E+22 8.9960E+22 9.7282E+22 1.0506E+23 1.1153E+23 1.2235E+23 1.2650E+23 1.3085E+23 1.3823E+23 1.3934E+23
35000 3.750  5.5187E+22 5.8712E+22 6.2522E+22 6.7674E+22 7.2503E+22 8.0342E+22 8.3972E+22 8.7852E+22 9.4236E+22 9.4903E+22
35000 4.000  3.6010E+22 3.7310E+22 3.9180E+22 4.2386E+22 4.5751E+22 5.1438E+22 5.4132E+22 5.7181E+22 6.2322E+22 6.2597E+22
35000 4.250  2.3570E+22 2.3924E+22 2.4810E+22 2.6886E+22 2.8853E+22 3.2507E+22 3.4304E+22 3.6451E+22 3.9857E+22 4.0238E+22
35000 4.500  1.6212E+22 1.6098E+22 1.6377E+22 1.7324E+22 1.8483E+22 2.0674E+22 2.1793E+22 2.3166E+22 2.5392E+22 2.5568E+22
35000 4.750  1.1967E+22 1.1596E+22 1.1511E+22 1.1876E+22 1.2384E+22 1.3558E+22 1.4207E+22 1.5045E+22 1.6338E+22 1.6396E+22
37500 3.000  0.0000E+00 0.0000E+00 0.0000E+00 0.0000E+00 0.0000E+00 0.0000E+00 0.0000E+00 0.0000E+00 0.0000E+00 0.0000E+00
37500 3.250  0.0000E+00 0.0000E+00 0.0000E+00 0.0000E+00 0.0000E+00 0.0000E+00 0.0000E+00 0.0000E+00 0.0000E+00 0.0000E+00
37500 3.500  1.9863E+23 2.1448E+23 2.3039E+23 2.5196E+23 2.6726E+23 2.8688E+23 2.9384E+23 3.0127E+23 3.1518E+23 3.1786E+23
37500 3.750  1.5841E+23 1.7231E+23 1.8509E+23 2.0191E+23 2.1515E+23 2.3476E+23 2.4165E+23 2.4916E+23 2.6121E+23 2.6337E+23
37500 4.000  1.3027E+23 1.4008E+23 1.4954E+23 1.6229E+23 1.7325E+23 1.9128E+23 1.9810E+23 2.0546E+23 2.1623E+23 2.1752E+23
37500 4.250  1.0628E+23 1.1303E+23 1.2013E+23 1.3042E+23 1.3937E+23 1.5533E+23 1.6176E+23 1.6818E+23 1.7772E+23 1.7905E+23
37500 4.500  8.5686E+22 9.1333E+22 9.6818E+22 1.0533E+23 1.1276E+23 1.2647E+23 1.3228E+23 1.3815E+23 1.4643E+23 1.4741E+23
37500 4.750  7.0681E+22 7.4318E+22 7.8680E+22 8.6015E+22 9.2315E+22 1.0375E+23 1.0881E+23 1.1401E+23 1.2109E+23 1.2174E+23
40000 3.000  0.0000E+00 0.0000E+00 0.0000E+00 0.0000E+00 0.0000E+00 0.0000E+00 0.0000E+00 0.0000E+00 0.0000E+00 0.0000E+00
40000 3.250  0.0000E+00 0.0000E+00 0.0000E+00 0.0000E+00 0.0000E+00 0.0000E+00 0.0000E+00 0.0000E+00 0.0000E+00 0.0000E+00
40000 3.500  3.9227E+23 4.1349E+23 4.3731E+23 4.6847E+23 4.8952E+23 5.1629E+23 5.2608E+23 5.3685E+23 5.5689E+23 5.6019E+23
40000 3.750  3.1636E+23 3.4115E+23 3.6601E+23 4.0045E+23 4.2476E+23 4.5493E+23 4.6539E+23 4.7645E+23 4.9659E+23 5.0071E+23
40000 4.000  2.8143E+23 3.0577E+23 3.2618E+23 3.5737E+23 3.8182E+23 4.1183E+23 4.2223E+23 4.3284E+23 4.5094E+23 4.5464E+23
40000 4.250  2.5442E+23 2.7435E+23 2.9301E+23 3.1958E+23 3.4203E+23 3.7277E+23 3.8313E+23 3.9336E+23 4.1033E+23 4.1260E+23
40000 4.500  2.2895E+23 2.4720E+23 2.6328E+23 2.8641E+23 3.0723E+23 3.3720E+23 3.4743E+23 3.5738E+23 3.7205E+23 3.7421E+23
40000 4.750  2.0808E+23 2.2272E+23 2.3726E+23 2.5837E+23 2.7684E+23 3.0545E+23 3.1539E+23 3.2490E+23 3.3819E+23 3.3974E+23
42500 3.000  0.0000E+00 0.0000E+00 0.0000E+00 0.0000E+00 0.0000E+00 0.0000E+00 0.0000E+00 0.0000E+00 0.0000E+00 0.0000E+00
42500 3.250  0.0000E+00 0.0000E+00 0.0000E+00 0.0000E+00 0.0000E+00 0.0000E+00 0.0000E+00 0.0000E+00 0.0000E+00 0.0000E+00
42500 3.500  0.0000E+00 0.0000E+00 0.0000E+00 0.0000E+00 0.0000E+00 0.0000E+00 0.0000E+00 0.0000E+00 0.0000E+00 0.0000E+00
42500 3.750  5.5211E+23 5.8733E+23 6.2509E+23 6.7326E+23 7.0477E+23 7.4444E+23 7.5874E+23 7.7420E+23 8.0227E+23 8.0724E+23
42500 4.000  4.9671E+23 5.3317E+23 5.7151E+23 6.2418E+23 6.5964E+23 7.0221E+23 7.1682E+23 7.3216E+23 7.5939E+23 7.6489E+23
42500 4.250  4.6640E+23 5.0168E+23 5.3806E+23 5.8930E+23 6.2620E+23 6.6987E+23 6.8430E+23 6.9889E+23 7.2385E+23 7.2879E+23
42500 4.500  4.4246E+23 4.7628E+23 5.0984E+23 5.5820E+23 5.9502E+23 6.3907E+23 6.5335E+23 6.6811E+23 6.9007E+23 6.9394E+23
42500 4.750  4.2171E+23 4.5293E+23 4.8387E+23 5.2912E+23 5.6488E+23 6.0891E+23 6.2297E+23 6.3654E+23 6.5697E+23 6.5984E+23
45000 3.000  0.0000E+00 0.0000E+00 0.0000E+00 0.0000E+00 0.0000E+00 0.0000E+00 0.0000E+00 0.0000E+00 0.0000E+00 0.0000E+00
45000 3.250  0.0000E+00 0.0000E+00 0.0000E+00 0.0000E+00 0.0000E+00 0.0000E+00 0.0000E+00 0.0000E+00 0.0000E+00 0.0000E+00
45000 3.500  0.0000E+00 0.0000E+00 0.0000E+00 0.0000E+00 0.0000E+00 0.0000E+00 0.0000E+00 0.0000E+00 0.0000E+00 0.0000E+00
45000 3.750  9.0889E+23 9.5625E+23 1.0027E+24 1.0590E+24 1.0920E+24 1.1348E+24 1.1505E+24 1.1678E+24 1.1992E+24 1.2023E+24
45000 4.000  7.9942E+23 8.5259E+23 9.0791E+23 9.7613E+23 1.0199E+24 1.0739E+24 1.0930E+24 1.1134E+24 1.1494E+24 1.1556E+24
45000 4.250  7.5555E+23 8.0929E+23 8.6655E+23 9.4141E+23 9.9008E+23 1.0469E+24 1.0661E+24 1.0861E+24 1.1209E+24 1.1274E+24
45000 4.500  7.3006E+23 7.8312E+23 8.3929E+23 9.1677E+23 9.6817E+23 1.0260E+24 1.0449E+24 1.0640E+24 1.0964E+24 1.1020E+24
45000 4.750  7.1124E+23 7.6294E+23 8.1760E+23 8.9440E+23 9.4691E+23 1.0052E+24 1.0237E+24 1.0421E+24 1.0713E+24 1.0758E+24
47500 3.000  0.0000E+00 0.0000E+00 0.0000E+00 0.0000E+00 0.0000E+00 0.0000E+00 0.0000E+00 0.0000E+00 0.0000E+00 0.0000E+00
47500 3.250  0.0000E+00 0.0000E+00 0.0000E+00 0.0000E+00 0.0000E+00 0.0000E+00 0.0000E+00 0.0000E+00 0.0000E+00 0.0000E+00
47500 3.500  0.0000E+00 0.0000E+00 0.0000E+00 0.0000E+00 0.0000E+00 0.0000E+00 0.0000E+00 0.0000E+00 0.0000E+00 0.0000E+00
47500 3.750  1.4530E+24 1.5047E+24 1.5515E+24 1.6017E+24 1.6319E+24 1.6671E+24 1.6797E+24 1.6930E+24 1.7175E+24 1.7152E+24
47500 4.000  1.2281E+24 1.2992E+24 1.3672E+24 1.4452E+24 1.4934E+24 1.5538E+24 1.5755E+24 1.5990E+24 1.6402E+24 1.6449E+24
47500 4.250  1.1505E+24 1.2271E+24 1.3034E+24 1.3946E+24 1.4522E+24 1.5214E+24 1.5455E+24 1.5708E+24 1.6145E+24 1.6212E+24
47500 4.500  1.1136E+24 1.1916E+24 1.2732E+24 1.3736E+24 1.4359E+24 1.5078E+24 1.5320E+24 1.5568E+24 1.5993E+24 1.6060E+24
47500 4.750  1.0927E+24 1.1707E+24 1.2540E+24 1.3602E+24 1.4255E+24 1.4981E+24 1.5218E+24 1.5457E+24 1.5850E+24 1.5908E+24
50000 3.000  0.0000E+00 0.0000E+00 0.0000E+00 0.0000E+00 0.0000E+00 0.0000E+00 0.0000E+00 0.0000E+00 0.0000E+00 0.0000E+00
50000 3.250  0.0000E+00 0.0000E+00 0.0000E+00 0.0000E+00 0.0000E+00 0.0000E+00 0.0000E+00 0.0000E+00 0.0000E+00 0.0000E+00
50000 3.500  0.0000E+00 0.0000E+00 0.0000E+00 0.0000E+00 0.0000E+00 0.0000E+00 0.0000E+00 0.0000E+00 0.0000E+00 0.0000E+00
50000 3.750  0.0000E+00 0.0000E+00 0.0000E+00 0.0000E+00 0.0000E+00 0.0000E+00 0.0000E+00 0.0000E+00 0.0000E+00 0.0000E+00
50000 4.000  1.8211E+24 1.9043E+24 1.9791E+24 2.0605E+24 2.1096E+24 2.1681E+24 2.1892E+24 2.2119E+24 2.2521E+24 2.2532E+24
50000 4.250  1.6867E+24 1.7856E+24 1.8758E+24 1.9781E+24 2.0406E+24 2.1177E+24 2.1449E+24 2.1737E+24 2.2228E+24 2.2281E+24
50000 4.500  1.6263E+24 1.7324E+24 1.8326E+24 1.9479E+24 2.0202E+24 2.1052E+24 2.1341E+24 2.1644E+24 2.2152E+24 2.2215E+24
50000 4.750  1.5939E+24 1.7029E+24 1.8115E+24 1.9384E+24 2.0161E+24 2.1037E+24 2.1327E+24 2.1623E+24 2.2115E+24 2.2176E+24
52500 3.000  0.0000E+00 0.0000E+00 0.0000E+00 0.0000E+00 0.0000E+00 0.0000E+00 0.0000E+00 0.0000E+00 0.0000E+00 0.0000E+00
52500 3.250  0.0000E+00 0.0000E+00 0.0000E+00 0.0000E+00 0.0000E+00 0.0000E+00 0.0000E+00 0.0000E+00 0.0000E+00 0.0000E+00
52500 3.500  0.0000E+00 0.0000E+00 0.0000E+00 0.0000E+00 0.0000E+00 0.0000E+00 0.0000E+00 0.0000E+00 0.0000E+00 0.0000E+00
52500 3.750  0.0000E+00 0.0000E+00 0.0000E+00 0.0000E+00 0.0000E+00 0.0000E+00 0.0000E+00 0.0000E+00 0.0000E+00 0.0000E+00
52500 4.000  2.6089E+24 2.6950E+24 2.7690E+24 2.8458E+24 2.8891E+24 2.9387E+24 2.9559E+24 2.9743E+24 3.0071E+24 3.0026E+24
52500 4.250  2.3926E+24 2.5066E+24 2.6072E+24 2.7154E+24 2.7792E+24 2.8572E+24 2.8848E+24 2.9142E+24 2.9640E+24 2.9662E+24
52500 4.500  2.2985E+24 2.4294E+24 2.5441E+24 2.6713E+24 2.7477E+24 2.8404E+24 2.8726E+24 2.9059E+24 2.9622E+24 2.9665E+24
52500 4.750  2.2505E+24 2.3885E+24 2.5156E+24 2.6576E+24 2.7434E+24 2.8433E+24 2.8769E+24 2.9114E+24 2.9683E+24 2.9734E+24
55000 3.000  0.0000E+00 0.0000E+00 0.0000E+00 0.0000E+00 0.0000E+00 0.0000E+00 0.0000E+00 0.0000E+00 0.0000E+00 0.0000E+00
55000 3.250  0.0000E+00 0.0000E+00 0.0000E+00 0.0000E+00 0.0000E+00 0.0000E+00 0.0000E+00 0.0000E+00 0.0000E+00 0.0000E+00
55000 3.500  0.0000E+00 0.0000E+00 0.0000E+00 0.0000E+00 0.0000E+00 0.0000E+00 0.0000E+00 0.0000E+00 0.0000E+00 0.0000E+00
55000 3.750  0.0000E+00 0.0000E+00 0.0000E+00 0.0000E+00 0.0000E+00 0.0000E+00 0.0000E+00 0.0000E+00 0.0000E+00 0.0000E+00
55000 4.000  3.6476E+24 3.7179E+24 3.7758E+24 3.8327E+24 3.8629E+24 3.8944E+24 3.9048E+24 3.9154E+24 3.9341E+24 3.9211E+24
55000 4.250  3.2838E+24 3.4075E+24 3.5133E+24 3.6215E+24 3.6835E+24 3.7564E+24 3.7821E+24 3.8092E+24 3.8562E+24 3.8536E+24
55000 4.500  3.1519E+24 3.3034E+24 3.4259E+24 3.5582E+24 3.6380E+24 3.7328E+24 3.7658E+24 3.8000E+24 3.8577E+24 3.8588E+24
55000 4.750  3.0869E+24 3.2474E+24 3.3885E+24 3.5394E+24 3.6305E+24 3.7382E+24 3.7748E+24 3.8123E+24 3.8736E+24 3.8763E+24
