27500 3.000  3.3108E+13 2.2438E+13 4.7489E+12 2.6274E+12 1.8226E+12 1.5787E+12 1.5938E+12 2.0437E+12 2.1733E+12 2.2840E+12
27500 3.250  1.2529E+13 1.0416E+13 3.1173E+12 1.6921E+12 9.5982E+11 4.4798E+11 4.2651E+11 5.5452E+11 6.9080E+11 8.5071E+11
27500 3.500  5.5958E+12 3.5680E+12 1.4408E+12 8.5314E+11 5.3922E+11 2.3917E+11 1.9936E+11 2.3961E+11 3.0524E+11 4.1160E+11
27500 3.750  2.9677E+12 1.6901E+12 8.2031E+11 5.0274E+11 3.3510E+11 1.5686E+11 1.2709E+11 1.4323E+11 1.8692E+11 2.5749E+11
27500 4.000  1.5390E+12 1.1435E+12 5.9404E+11 3.7627E+11 2.4743E+11 1.1993E+11 9.6590E+10 1.0718E+11 1.4021E+11 1.9371E+11
27500 4.250  1.8824E+12 9.7786E+11 5.2198E+11 3.2951E+11 2.1997E+11 1.0143E+11 8.0850E+10 8.9040E+10 1.1603E+11 1.6218E+11
27500 4.500  1.9432E+12 9.7100E+11 5.1389E+11 3.1960E+11 2.0977E+11 9.1615E+10 7.1537E+10 7.8334E+10 1.0279E+11 1.4342E+11
27500 4.750  2.0455E+12 1.0265E+12 5.4554E+11 3.3222E+11 2.1541E+11 8.7664E+10 6.5954E+10 7.1087E+10 9.3308E+10 1.3135E+11
30000 3.000  1.2552E+15 9.3907E+14 4.1209E+14 3.8658E+14 3.5385E+14 2.8489E+14 2.4832E+14 1.9910E+14 1.5748E+14 1.1578E+14
30000 3.250  4.4196E+14 3.1248E+14 5.0572E+13 3.1245E+13 2.4722E+13 2.6539E+13 2.6231E+13 2.4831E+13 2.3334E+13 2.1880E+13
30000 3.500  2.3510E+14 1.6903E+14 2.9010E+13 1.4480E+13 9.1263E+12 6.6832E+12 7.5005E+12 9.1454E+12 1.0442E+13 1.1643E+13
30000 3.750  1.8265E+14 1.2337E+14 2.7734E+13 1.3659E+13 7.8148E+12 3.7341E+12 3.6501E+12 4.7677E+12 6.0776E+12 7.5984E+12
30000 4.000  1.5265E+14 8.9407E+13 2.5007E+13 1.2309E+13 7.1300E+12 2.8158E+12 2.4482E+12 2.9792E+12 3.9965E+12 5.3459E+12
30000 4.250  1.3186E+14 6.9723E+13 2.1651E+13 1.0991E+13 6.1902E+12 2.4474E+12 1.9625E+12 2.1764E+12 2.8966E+12 4.0963E+12
30000 4.500  1.2231E+14 5.9442E+13 1.9576E+13 1.0231E+13 5.8446E+12 2.3169E+12 1.7188E+12 1.7887E+12 2.3520E+12 3.3404E+12
30000 4.750  1.2114E+14 5.6409E+13 1.9481E+13 1.0165E+13 5.8463E+12 2.1394E+12 1.5816E+12 1.5718E+12 2.0197E+12 2.8552E+12
32500 3.000  0.0000E+00 0.0000E+00 0.0000E+00 0.0000E+00 0.0000E+00 0.0000E+00 0.0000E+00 0.0000E+00 0.0000E+00 0.0000E+00
32500 3.250  8.1810E+15 6.8387E+15 2.8373E+15 2.7136E+15 2.5093E+15 2.2523E+15 1.6151E+15 1.2100E+15 9.4254E+14 7.2738E+14
32500 3.500  5.1833E+15 3.6074E+15 7.5763E+14 5.2063E+14 4.2249E+14 3.5890E+14 3.3529E+14 3.0090E+14 2.6666E+14 2.1584E+14
32500 3.750  3.4196E+15 2.2033E+15 3.2229E+14 1.7625E+14 1.3242E+14 1.1469E+14 1.2058E+14 1.2761E+14 1.1965E+14 1.1816E+14
32500 4.000  2.6480E+15 1.5391E+15 1.9951E+14 9.4198E+13 5.8719E+13 5.0570E+13 5.4431E+13 6.7695E+13 7.7524E+13 8.4795E+13
32500 4.250  2.3981E+15 1.3483E+15 1.8929E+14 8.7349E+13 5.2521E+13 3.4663E+13 3.7837E+13 4.9197E+13 5.8464E+13 6.9452E+13
32500 4.500  2.3886E+15 1.2979E+15 2.2423E+14 1.0104E+14 5.3224E+13 2.6703E+13 2.7461E+13 3.7166E+13 4.8100E+13 6.0389E+13
32500 4.750  2.5078E+15 1.3405E+15 2.6757E+14 1.2009E+14 6.2484E+13 2.8288E+13 2.4567E+13 3.0469E+13 4.0360E+13 5.3355E+13
35000 3.000  0.0000E+00 0.0000E+00 0.0000E+00 0.0000E+00 0.0000E+00 0.0000E+00 0.0000E+00 0.0000E+00 0.0000E+00 0.0000E+00
35000 3.250  4.9639E+16 5.7093E+16 7.8917E+16 1.0792E+17 1.2553E+17 1.4995E+17 1.2754E+17 8.1180E+16 6.5206E+16 5.8013E+16
35000 3.500  5.1411E+16 3.9326E+16 1.8900E+16 1.7485E+16 1.6985E+16 1.5877E+16 1.2080E+16 8.4438E+15 6.7096E+15 5.4134E+15
35000 3.750  4.6234E+16 3.0855E+16 8.2334E+15 5.7166E+15 4.6916E+15 4.1641E+15 3.5810E+15 2.8909E+15 2.4451E+15 2.0225E+15
35000 4.000  3.9890E+16 2.3280E+16 4.3275E+15 2.7120E+15 2.2150E+15 1.6848E+15 1.6242E+15 1.4509E+15 1.3382E+15 1.1913E+15
35000 4.250  3.4636E+16 1.9388E+16 2.9334E+15 1.6399E+15 1.2200E+15 9.3785E+14 9.0036E+14 9.1054E+14 9.0448E+14 8.6511E+14
35000 4.500  3.1180E+16 1.6658E+16 2.3051E+15 1.1670E+15 7.9932E+14 5.6815E+14 5.5172E+14 6.4287E+14 6.9288E+14 7.1428E+14
35000 4.750  2.9783E+16 1.5708E+16 2.1639E+15 9.4282E+14 5.9454E+14 4.1013E+14 4.2332E+14 4.9825E+14 5.7322E+14 6.3816E+14
37500 3.000  0.0000E+00 0.0000E+00 0.0000E+00 0.0000E+00 0.0000E+00 0.0000E+00 0.0000E+00 0.0000E+00 0.0000E+00 0.0000E+00
37500 3.250  0.0000E+00 0.0000E+00 0.0000E+00 0.0000E+00 0.0000E+00 0.0000E+00 0.0000E+00 0.0000E+00 0.0000E+00 0.0000E+00
37500 3.500  2.1068E+17 1.8862E+17 2.0282E+17 2.6637E+17 3.1113E+17 4.1849E+17 3.7025E+17 2.3763E+17 1.7661E+17 1.4649E+17
37500 3.750  2.4112E+17 1.7737E+17 8.7582E+16 8.9776E+16 9.6183E+16 1.1219E+17 9.0154E+16 5.7958E+16 4.4551E+16 3.5762E+16
37500 4.000  2.4979E+17 1.5971E+17 5.2532E+16 4.2923E+16 3.7641E+16 4.0708E+16 3.5895E+16 2.6347E+16 2.1051E+16 1.7054E+16
37500 4.250  2.4766E+17 1.5198E+17 3.6304E+16 2.5003E+16 1.9367E+16 1.8519E+16 1.7299E+16 1.4891E+16 1.2653E+16 1.0793E+16
37500 4.500  2.4326E+17 1.4055E+17 2.8046E+16 1.6961E+16 1.2117E+16 1.0232E+16 9.9774E+15 9.6695E+15 8.9112E+15 7.9385E+15
37500 4.750  2.4000E+17 1.3654E+17 2.3658E+16 1.3021E+16 8.8893E+15 7.3034E+15 7.0009E+15 6.8321E+15 6.8974E+15 6.5329E+15
40000 3.000  0.0000E+00 0.0000E+00 0.0000E+00 0.0000E+00 0.0000E+00 0.0000E+00 0.0000E+00 0.0000E+00 0.0000E+00 0.0000E+00
40000 3.250  0.0000E+00 0.0000E+00 0.0000E+00 0.0000E+00 0.0000E+00 0.0000E+00 0.0000E+00 0.0000E+00 0.0000E+00 0.0000E+00
40000 3.500  5.7379E+17 6.6928E+17 1.6710E+18 2.5121E+18 3.1639E+18 4.7959E+18 5.3711E+18 4.9764E+18 4.0765E+18 3.2576E+18
40000 3.750  7.0397E+17 5.9608E+17 5.5567E+17 7.1534E+17 8.4547E+17 1.2359E+18 1.2759E+18 9.2917E+17 6.6841E+17 5.2053E+17
40000 4.000  8.0955E+17 5.8639E+17 3.3348E+17 3.5460E+17 3.7879E+17 5.2584E+17 5.2069E+17 3.5602E+17 2.7169E+17 2.1062E+17
40000 4.250  8.7935E+17 6.1475E+17 2.4133E+17 2.1638E+17 2.0375E+17 2.5632E+17 2.5856E+17 1.9056E+17 1.5009E+17 1.2222E+17
40000 4.500  9.2656E+17 6.0577E+17 1.9918E+17 1.4724E+17 1.2396E+17 1.3587E+17 1.3888E+17 1.1802E+17 9.9828E+16 8.3504E+16
40000 4.750  9.6494E+17 6.1725E+17 1.6377E+17 1.1031E+17 8.3956E+16 8.0138E+16 8.3929E+16 7.9480E+16 7.2386E+16 6.2534E+16
42500 3.000  0.0000E+00 0.0000E+00 0.0000E+00 0.0000E+00 0.0000E+00 0.0000E+00 0.0000E+00 0.0000E+00 0.0000E+00 0.0000E+00
42500 3.250  0.0000E+00 0.0000E+00 0.0000E+00 0.0000E+00 0.0000E+00 0.0000E+00 0.0000E+00 0.0000E+00 0.0000E+00 0.0000E+00
42500 3.500  0.0000E+00 0.0000E+00 0.0000E+00 0.0000E+00 0.0000E+00 0.0000E+00 0.0000E+00 0.0000E+00 0.0000E+00 0.0000E+00
42500 3.750  1.6172E+18 1.6055E+18 2.6260E+18 3.8583E+18 4.9072E+18 7.8898E+18 9.2544E+18 8.8733E+18 7.1486E+18 5.4010E+18
42500 4.000  1.9160E+18 1.5927E+18 1.4127E+18 1.7836E+18 2.1381E+18 3.4597E+18 4.0269E+18 3.4877E+18 2.5715E+18 1.9238E+18
42500 4.250  2.1736E+18 1.6922E+18 9.8669E+17 1.1016E+18 1.2096E+18 1.8973E+18 2.2139E+18 1.8359E+18 1.3537E+18 1.0461E+18
42500 4.500  2.3803E+18 1.7408E+18 7.9999E+17 7.7458E+17 7.7073E+17 1.1130E+18 1.3070E+18 1.1224E+18 8.6570E+17 6.9634E+17
42500 4.750  2.5543E+18 1.8220E+18 7.1195E+17 5.8752E+17 5.3189E+17 6.8206E+17 8.1153E+17 7.4554E+17 6.1493E+17 5.1253E+17
45000 3.000  0.0000E+00 0.0000E+00 0.0000E+00 0.0000E+00 0.0000E+00 0.0000E+00 0.0000E+00 0.0000E+00 0.0000E+00 0.0000E+00
45000 3.250  0.0000E+00 0.0000E+00 0.0000E+00 0.0000E+00 0.0000E+00 0.0000E+00 0.0000E+00 0.0000E+00 0.0000E+00 0.0000E+00
45000 3.500  0.0000E+00 0.0000E+00 0.0000E+00 0.0000E+00 0.0000E+00 0.0000E+00 0.0000E+00 0.0000E+00 0.0000E+00 0.0000E+00
45000 3.750  3.5490E+18 4.2845E+18 1.1780E+19 1.8599E+19 2.4240E+19 3.8824E+19 4.5938E+19 4.8642E+19 4.3598E+19 3.5122E+19
45000 4.000  3.9113E+18 3.6896E+18 4.8267E+18 6.8310E+18 8.7658E+18 1.4820E+19 1.8424E+19 1.9345E+19 1.6370E+19 1.2380E+19
45000 4.250  4.4785E+18 3.8850E+18 3.1987E+18 4.0185E+18 4.8545E+18 8.2660E+18 1.0592E+19 1.0999E+19 8.8915E+18 6.6105E+18
45000 4.500  5.0042E+18 4.0373E+18 2.5552E+18 2.8181E+18 3.1456E+18 5.1610E+18 6.7929E+18 7.1026E+18 5.6458E+18 4.3020E+18
45000 4.750  5.4632E+18 4.2603E+18 2.2615E+18 2.1661E+18 2.2220E+18 3.3603E+18 4.5046E+18 4.8803E+18 3.9621E+18 3.1354E+18
47500 3.000  0.0000E+00 0.0000E+00 0.0000E+00 0.0000E+00 0.0000E+00 0.0000E+00 0.0000E+00 0.0000E+00 0.0000E+00 0.0000E+00
47500 3.250  0.0000E+00 0.0000E+00 0.0000E+00 0.0000E+00 0.0000E+00 0.0000E+00 0.0000E+00 0.0000E+00 0.0000E+00 0.0000E+00
47500 3.500  0.0000E+00 0.0000E+00 0.0000E+00 0.0000E+00 0.0000E+00 0.0000E+00 0.0000E+00 0.0000E+00 0.0000E+00 0.0000E+00
47500 3.750  9.9255E+18 1.5906E+19 6.0571E+19 9.1495E+19 1.2115E+20 1.8375E+20 2.1390E+20 2.3004E+20 2.1766E+20 1.8991E+20
47500 4.000  7.9486E+18 8.3226E+18 1.5633E+19 2.3408E+19 3.1522E+19 5.3954E+19 6.7676E+19 7.5012E+19 6.9001E+19 5.6003E+19
47500 4.250  8.6933E+18 8.1552E+18 9.0609E+18 1.2270E+19 1.5764E+19 2.8149E+19 3.6840E+19 4.2570E+19 3.8773E+19 3.0433E+19
47500 4.500  9.5782E+18 8.3515E+18 6.8205E+18 8.2620E+18 9.9695E+18 1.7755E+19 2.4168E+19 2.8970E+19 2.6159E+19 2.0251E+19
47500 4.750  1.0397E+19 8.7629E+18 5.9054E+18 6.2713E+18 7.0254E+18 1.1928E+19 1.6810E+19 2.1036E+19 1.9006E+19 1.4851E+19
50000 3.000  0.0000E+00 0.0000E+00 0.0000E+00 0.0000E+00 0.0000E+00 0.0000E+00 0.0000E+00 0.0000E+00 0.0000E+00 0.0000E+00
50000 3.250  0.0000E+00 0.0000E+00 0.0000E+00 0.0000E+00 0.0000E+00 0.0000E+00 0.0000E+00 0.0000E+00 0.0000E+00 0.0000E+00
50000 3.500  0.0000E+00 0.0000E+00 0.0000E+00 0.0000E+00 0.0000E+00 0.0000E+00 0.0000E+00 0.0000E+00 0.0000E+00 0.0000E+00
50000 3.750  0.0000E+00 0.0000E+00 0.0000E+00 0.0000E+00 0.0000E+00 0.0000E+00 0.0000E+00 0.0000E+00 0.0000E+00 0.0000E+00
50000 4.000  1.6875E+19 2.0126E+19 4.9146E+19 7.7254E+19 1.0381E+20 1.7885E+20 2.2191E+20 2.5087E+20 2.4157E+20 2.0955E+20
50000 4.250  1.6427E+19 1.6618E+19 2.3706E+19 3.4380E+19 4.5799E+19 8.3724E+19 1.1055E+20 1.3208E+20 1.2801E+20 1.0805E+20
50000 4.500  1.7517E+19 1.6299E+19 1.7071E+19 2.1585E+19 2.7504E+19 5.0790E+19 6.9861E+19 8.8440E+19 8.7185E+19 7.2862E+19
50000 4.750  1.8756E+19 1.6789E+19 1.3770E+19 1.5862E+19 1.8944E+19 3.4180E+19 4.8831E+19 6.5670E+19 6.5777E+19 5.4944E+19
52500 3.000  0.0000E+00 0.0000E+00 0.0000E+00 0.0000E+00 0.0000E+00 0.0000E+00 0.0000E+00 0.0000E+00 0.0000E+00 0.0000E+00
52500 3.250  0.0000E+00 0.0000E+00 0.0000E+00 0.0000E+00 0.0000E+00 0.0000E+00 0.0000E+00 0.0000E+00 0.0000E+00 0.0000E+00
52500 3.500  0.0000E+00 0.0000E+00 0.0000E+00 0.0000E+00 0.0000E+00 0.0000E+00 0.0000E+00 0.0000E+00 0.0000E+00 0.0000E+00
52500 3.750  0.0000E+00 0.0000E+00 0.0000E+00 0.0000E+00 0.0000E+00 0.0000E+00 0.0000E+00 0.0000E+00 0.0000E+00 0.0000E+00
52500 4.000  4.3166E+19 6.0471E+19 1.7883E+20 2.7243E+20 3.6041E+20 5.9734E+20 7.1922E+20 7.8903E+20 7.6521E+20 6.8885E+20
52500 4.250  3.1870E+19 3.4689E+19 6.1626E+19 9.2300E+19 1.2496E+20 2.3162E+20 3.0392E+20 3.6570E+20 3.6559E+20 3.2606E+20
52500 4.500  3.1754E+19 3.1223E+19 3.8497E+19 5.3174E+19 6.9869E+19 1.3262E+20 1.8486E+20 2.3544E+20 2.4236E+20 2.1622E+20
52500 4.750  3.3056E+19 3.1000E+19 3.0275E+19 3.7256E+19 4.6554E+19 8.7457E+19 1.2551E+20 1.7179E+20 1.8232E+20 1.6402E+20
55000 3.000  0.0000E+00 0.0000E+00 0.0000E+00 0.0000E+00 0.0000E+00 0.0000E+00 0.0000E+00 0.0000E+00 0.0000E+00 0.0000E+00
55000 3.250  0.0000E+00 0.0000E+00 0.0000E+00 0.0000E+00 0.0000E+00 0.0000E+00 0.0000E+00 0.0000E+00 0.0000E+00 0.0000E+00
55000 3.500  0.0000E+00 0.0000E+00 0.0000E+00 0.0000E+00 0.0000E+00 0.0000E+00 0.0000E+00 0.0000E+00 0.0000E+00 0.0000E+00
55000 3.750  0.0000E+00 0.0000E+00 0.0000E+00 0.0000E+00 0.0000E+00 0.0000E+00 0.0000E+00 0.0000E+00 0.0000E+00 0.0000E+00
55000 4.000  1.9413E+20 3.2889E+20 9.3208E+20 1.3207E+21 1.6496E+21 2.4044E+21 2.6813E+21 2.7168E+21 2.5497E+21 2.3043E+21
55000 4.250  6.6444E+19 8.0748E+19 1.6528E+20 2.4977E+20 3.3685E+20 6.1326E+20 7.9362E+20 9.3811E+20 9.4303E+20 8.6538E+20
55000 4.500  5.8543E+19 6.0755E+19 8.8718E+19 1.2645E+20 1.6837E+20 3.2269E+20 4.4513E+20 5.7274E+20 6.0001E+20 5.5885E+20
55000 4.750  5.8049E+19 5.6754E+19 6.4876E+19 8.3810E+19 1.0748E+20 2.0592E+20 2.9621E+20 4.0814E+20 4.4482E+20 4.2195E+20
