#time E_out E_hot_out E_cold_out E_colder_out M_out M_out_hot M_out_cold Metal_out Metal_out_hot Metal_out_cold SFR SNR O_rate
125.00  0.000E+00   0.000E+00   0.000E+00   0.000E+00  6.966E-04  0.000E+00  6.966E-04  2.688E-28  0.000E+00  2.688E-28  2.054E-04  3.071E-06  8.010E-07
130.00  0.000E+00   0.000E+00   0.000E+00   0.000E+00  6.736E-04  0.000E+00  6.736E-04  2.504E-28  0.000E+00  2.504E-28  2.233E-04  3.340E-06  8.712E-07
135.00  3.254E+42   0.000E+00   3.254E+42   1.629E+42  6.370E-04  0.000E+00  6.370E-04  2.303E-28  0.000E+00  2.303E-28  2.412E-04  3.610E-06  9.415E-07
140.00  3.014E+42   0.000E+00   3.014E+42   1.494E+42  5.884E-04  0.000E+00  5.884E-04  2.090E-28  0.000E+00  2.090E-28  2.591E-04  3.879E-06  1.012E-06
145.00  2.758E+42   0.000E+00   2.758E+42   1.361E+42  5.394E-04  0.000E+00  5.394E-04  3.736E-28  0.000E+00  3.736E-28  2.771E-04  4.149E-06  1.082E-06
150.00  2.976E+42   0.000E+00   2.976E+42   1.247E+42  5.495E-04  0.000E+00  5.495E-04  6.510E-15  0.000E+00  6.510E-15  2.950E-04  4.418E-06  1.152E-06
155.00  7.152E+44   4.718E+43   6.680E+44   9.851E+41  9.985E-03  1.182E-04  9.866E-03  1.085E-06  2.090E-07  8.763E-07  3.129E-04  4.688E-06  1.223E-06
160.00  2.303E+45   1.242E+45   1.061E+45   2.841E+42  1.605E-02  1.527E-03  1.453E-02  3.820E-06  2.426E-06  1.394E-06  3.308E-04  4.957E-06  1.293E-06
165.00  2.884E+45   1.755E+45   1.129E+45   3.215E+43  1.404E-02  1.358E-03  1.268E-02  4.393E-06  2.618E-06  1.774E-06  3.488E-04  5.227E-06  1.363E-06
170.00  5.262E+45   3.970E+45   1.292E+45   3.241E+43  1.307E-02  1.658E-03  1.142E-02  6.044E-06  4.344E-06  1.700E-06  3.538E-04  5.303E-06  1.450E-06
175.00  3.217E+45   2.476E+45   7.409E+44   3.056E+43  1.023E-02  2.415E-03  7.815E-03  1.955E-06  1.062E-06  8.932E-07  3.391E-04  5.083E-06  1.561E-06
180.00  3.146E+45   2.388E+45   7.579E+44   2.016E+43  8.293E-03  2.224E-03  6.069E-03  2.937E-06  2.022E-06  9.152E-07  3.244E-04  4.862E-06  1.673E-06
185.00  1.858E+45   1.009E+45   8.484E+44   2.926E+43  6.738E-03  7.166E-04  6.022E-03  2.408E-06  1.109E-06  1.299E-06  3.096E-04  4.642E-06  1.785E-06
190.00  1.724E+45   7.102E+44   1.014E+45   4.409E+43  8.834E-03  5.222E-04  8.312E-03  2.753E-06  1.158E-06  1.595E-06  2.949E-04  4.421E-06  1.896E-06
195.00  1.716E+45   9.305E+44   7.859E+44   2.882E+43  1.041E-02  8.821E-04  9.524E-03  2.587E-06  1.104E-06  1.483E-06  2.802E-04  4.201E-06  2.008E-06
200.00  8.355E+44   3.012E+44   5.343E+44   1.957E+43  7.904E-03  3.718E-04  7.532E-03  1.373E-06  3.517E-07  1.022E-06  2.654E-04  3.980E-06  2.119E-06
205.00  1.216E+45   5.912E+44   6.247E+44   1.629E+43  5.894E-03  6.637E-04  5.230E-03  2.753E-06  1.403E-06  1.350E-06  2.507E-04  3.760E-06  2.231E-06
210.00  1.421E+45   4.412E+44   9.794E+44   1.087E+43  6.887E-03  6.330E-04  6.254E-03  3.801E-06  1.002E-06  2.799E-06  2.360E-04  3.539E-06  2.343E-06
215.00  1.347E+45   2.398E+44   1.107E+45   1.069E+43  7.671E-03  2.861E-04  7.385E-03  2.623E-06  5.320E-07  2.091E-06  2.212E-04  3.319E-06  2.454E-06
220.00  1.348E+45   2.612E+44   1.087E+45   7.434E+42  7.447E-03  3.391E-04  7.108E-03  2.979E-06  6.579E-07  2.321E-06  2.065E-04  3.098E-06  2.566E-06
225.00  1.228E+45   3.379E+44   8.898E+44   5.605E+42  6.889E-03  4.953E-04  6.393E-03  2.672E-06  9.384E-07  1.734E-06  1.918E-04  2.878E-06  2.677E-06
230.00  1.715E+45   8.219E+44   8.934E+44   4.116E+42  5.993E-03  7.896E-04  5.204E-03  1.980E-06  8.148E-07  1.166E-06  1.771E-04  2.657E-06  2.789E-06
235.00  1.150E+45   4.330E+44   7.167E+44   5.046E+42  5.124E-03  4.001E-04  4.724E-03  1.318E-06  5.862E-07  7.320E-07  1.623E-04  2.437E-06  2.900E-06
240.00  1.963E+45   1.065E+45   8.973E+44   4.084E+42  7.197E-03  1.068E-03  6.129E-03  3.413E-06  1.473E-06  1.940E-06  1.476E-04  2.216E-06  3.012E-06
245.00  1.072E+45   4.009E+44   6.709E+44   5.356E+42  5.809E-03  5.695E-04  5.240E-03  2.513E-06  9.311E-07  1.582E-06  1.329E-04  1.996E-06  3.124E-06
250.00  1.166E+45   8.398E+44   3.267E+44   3.583E+42  4.411E-03  8.188E-04  3.592E-03  1.082E-06  5.293E-07  5.532E-07  1.181E-04  1.775E-06  3.235E-06
255.00  5.070E+44   3.138E+44   1.931E+44   6.023E+42  3.096E-03  2.868E-04  2.809E-03  4.680E-07  1.369E-07  3.310E-07  1.034E-04  1.555E-06  3.347E-06
260.00  1.295E+45   1.160E+45   1.346E+44   7.687E+42  2.961E-03  6.599E-04  2.301E-03  4.279E-07  2.228E-07  2.051E-07  8.868E-05  1.334E-06  3.458E-06
265.00  2.080E+44   9.905E+43   1.089E+44   8.527E+42  2.249E-03  1.098E-04  2.140E-03  2.000E-07  3.009E-08  1.699E-07  7.395E-05  1.114E-06  3.570E-06
270.00  4.449E+43   7.416E+41   4.375E+43   1.154E+43  2.074E-03  1.875E-06  2.072E-03  1.424E-07  1.073E-09  1.414E-07  6.529E-05  9.822E-07  3.645E-06
275.00  2.928E+43   0.000E+00   2.928E+43   1.625E+43  2.169E-03  0.000E+00  2.169E-03  1.329E-07  0.000E+00  1.329E-07  6.594E-05  9.877E-07  3.664E-06
280.00  2.457E+43   0.000E+00   2.457E+43   1.669E+43  2.287E-03  0.000E+00  2.287E-03  1.321E-07  0.000E+00  1.321E-07  6.659E-05  9.932E-07  3.682E-06
285.00  2.216E+43   0.000E+00   2.216E+43   1.462E+43  2.348E-03  0.000E+00  2.348E-03  1.408E-07  0.000E+00  1.408E-07  6.725E-05  9.987E-07  3.701E-06
290.00  0.000E+00   0.000E+00   0.000E+00   0.000E+00  2.332E-03  0.000E+00  2.332E-03  1.442E-07  0.000E+00  1.442E-07  6.790E-05  1.004E-06  3.719E-06
295.00  0.000E+00   0.000E+00   0.000E+00   0.000E+00  2.242E-03  0.000E+00  2.242E-03  1.326E-07  0.000E+00  1.326E-07  6.855E-05  1.010E-06  3.738E-06
300.00  1.422E+43   0.000E+00   1.422E+43   6.284E+42  1.934E-03  0.000E+00  1.934E-03  1.054E-07  0.000E+00  1.054E-07  6.921E-05  1.015E-06  3.757E-06
305.00  1.412E+43   0.000E+00   1.412E+43   4.344E+42  1.812E-03  0.000E+00  1.812E-03  9.465E-08  0.000E+00  9.465E-08  6.986E-05  1.021E-06  3.775E-06
310.00  1.595E+43   0.000E+00   1.595E+43   3.454E+42  1.881E-03  0.000E+00  1.881E-03  9.597E-08  0.000E+00  9.597E-08  7.051E-05  1.026E-06  3.794E-06
315.00  2.283E+43   0.000E+00   2.283E+43   3.028E+42  2.173E-03  0.000E+00  2.173E-03  1.117E-07  0.000E+00  1.117E-07  7.117E-05  1.032E-06  3.813E-06
320.00  4.185E+43   6.268E+41   4.122E+43   2.666E+42  2.672E-03  3.348E-06  2.668E-03  1.342E-07  2.186E-09  1.320E-07  7.182E-05  1.037E-06  3.831E-06
325.00  1.260E+44   2.508E+43   1.009E+44   1.993E+42  3.763E-03  4.617E-05  3.717E-03  2.886E-07  7.741E-08  2.112E-07  7.247E-05  1.043E-06  3.850E-06
330.00  9.616E+43   6.645E+42   8.952E+43   2.366E+42  4.222E-03  2.405E-05  4.198E-03  3.065E-07  3.661E-08  2.698E-07  7.313E-05  1.048E-06  3.869E-06
335.00  1.384E+44   1.920E+43   1.192E+44   4.115E+42  4.326E-03  4.116E-05  4.285E-03  4.532E-07  5.459E-08  3.986E-07  7.378E-05  1.054E-06  3.887E-06
340.00  1.323E+44   2.684E+43   1.054E+44   5.954E+42  4.616E-03  5.791E-05  4.559E-03  5.956E-07  1.937E-07  4.020E-07  7.443E-05  1.059E-06  3.906E-06
345.00  9.195E+43   1.348E+43   7.847E+43   1.152E+43  4.434E-03  3.483E-05  4.400E-03  4.141E-07  6.612E-08  3.480E-07  7.508E-05  1.065E-06  3.924E-06
350.00  6.628E+43   1.618E+42   6.466E+43   1.359E+43  4.092E-03  7.226E-06  4.084E-03  3.317E-07  5.322E-09  3.264E-07  7.574E-05  1.070E-06  3.943E-06
355.00  5.797E+43   1.197E+43   4.599E+43   1.147E+43  3.424E-03  3.211E-05  3.392E-03  2.634E-07  1.901E-08  2.444E-07  7.639E-05  1.076E-06  3.962E-06
360.00  3.774E+43   2.894E+42   3.485E+43   9.130E+42  2.934E-03  9.966E-06  2.924E-03  2.138E-07  4.013E-09  2.097E-07  7.704E-05  1.081E-06  3.980E-06
365.00  0.000E+00   0.000E+00   0.000E+00   0.000E+00  2.239E-03  5.042E-06  2.234E-03  1.603E-07  1.712E-09  1.585E-07  7.770E-05  1.087E-06  3.999E-06
370.00  1.723E+43   4.030E+40   1.719E+43   5.265E+42  1.859E-03  2.467E-07  1.859E-03  1.275E-07  8.575E-11  1.274E-07  7.708E-05  1.077E-06  4.026E-06
375.00  1.369E+43   0.000E+00   1.369E+43   2.767E+42  1.510E-03  0.000E+00  1.510E-03  1.039E-07  0.000E+00  1.039E-07  7.451E-05  1.045E-06  4.066E-06
380.00  2.454E+43   0.000E+00   2.454E+43   2.046E+42  1.561E-03  0.000E+00  1.561E-03  1.215E-07  0.000E+00  1.215E-07  7.195E-05  1.013E-06  4.107E-06
385.00  4.075E+43   1.410E+42   3.934E+43   1.128E+42  1.859E-03  5.154E-06  1.854E-03  2.356E-07  1.249E-08  2.231E-07  6.938E-05  9.814E-07  4.147E-06
390.00  4.256E+43   0.000E+00   4.256E+43   8.724E+41  2.273E-03  0.000E+00  2.273E-03  1.942E-07  0.000E+00  1.942E-07  6.681E-05  9.494E-07  4.187E-06
395.00  8.468E+43   1.578E+43   6.890E+43   1.245E+42  3.026E-03  4.018E-05  2.986E-03  2.524E-07  5.173E-08  2.007E-07  6.424E-05  9.174E-07  4.228E-06
400.00  1.244E+44   2.017E+43   1.042E+44   1.260E+42  3.720E-03  6.189E-05  3.658E-03  3.524E-07  9.170E-08  2.607E-07  6.167E-05  8.854E-07  4.268E-06
405.00  1.175E+44   4.976E+42   1.125E+44   9.066E+41  4.331E-03  1.963E-05  4.312E-03  3.182E-07  1.474E-08  3.035E-07  5.911E-05  8.534E-07  4.308E-06
410.00  1.701E+44   2.164E+43   1.485E+44   8.268E+41  5.140E-03  7.133E-05  5.069E-03  4.939E-07  4.315E-08  4.507E-07  5.654E-05  8.214E-07  4.348E-06
415.00  5.130E+44   2.004E+44   3.126E+44   5.150E+41  8.473E-03  3.239E-04  8.149E-03  8.075E-07  1.286E-07  6.788E-07  5.397E-05  7.894E-07  4.389E-06
420.00  5.460E+44   1.850E+44   3.610E+44   3.218E+41  8.371E-03  4.028E-04  7.968E-03  1.338E-06  5.069E-07  8.308E-07  5.140E-05  7.574E-07  4.429E-06
425.00  3.659E+44   1.308E+44   2.350E+44   1.491E+41  5.898E-03  3.245E-04  5.574E-03  9.045E-07  2.948E-07  6.097E-07  4.884E-05  7.254E-07  4.469E-06
