27500 3.000 6.826662E+12 6.726819E+12 6.291934E+12 6.799991E+12 6.473173E+12 6.817196E+12 6.643946E+12 6.829958E+12 6.066557E+12 6.836720E+12
27500 3.250 7.517262E+12 7.355384E+12 6.859986E+12 7.449900E+12 7.064360E+12 7.476371E+12 7.256881E+12 7.497588E+12 6.600579E+12 7.521916E+12
27500 3.500 7.848379E+12 7.659135E+12 7.185236E+12 7.755540E+12 7.379552E+12 7.783755E+12 7.563869E+12 7.810586E+12 6.932581E+12 7.845693E+12
27500 3.750 7.999062E+12 7.811823E+12 7.379148E+12 7.901829E+12 7.558054E+12 7.929144E+12 7.724874E+12 7.955643E+12 7.143334E+12 7.994121E+12
27500 4.000 8.079104E+12 7.901350E+12 7.505184E+12 7.984980E+12 7.669535E+12 8.010322E+12 7.821852E+12 8.035906E+12 7.285959E+12 8.073176E+12
27500 4.250 8.127128E+12 7.961237E+12 7.595078E+12 8.038493E+12 7.747470E+12 8.062374E+12 7.888122E+12 8.086504E+12 7.390065E+12 8.122321E+12
27500 4.500 8.158275E+12 8.004784E+12 7.664688E+12 8.075834E+12 7.806911E+12 8.098105E+12 7.937196E+12 8.120575E+12 7.467702E+12 8.154320E+12
27500 4.750 8.178038E+12 8.037895E+12 7.722101E+12 8.102799E+12 7.855195E+12 8.123161E+12 7.975870E+12 8.143800E+12 7.536038E+12 8.175142E+12
30000 3.000 8.043635E+12 8.014107E+12 7.708866E+12 8.072802E+12 7.833417E+12 8.085575E+12 7.953419E+12 8.086711E+12 7.557265E+12 8.061996E+12
30000 3.250 9.502951E+12 9.392437E+12 8.801376E+12 9.486416E+12 9.051158E+12 9.507162E+12 9.283211E+12 9.521632E+12 8.487291E+12 9.521866E+12
30000 3.500 1.041570E+13 1.025288E+13 9.556765E+12 1.036668E+13 9.851399E+12 1.039332E+13 1.012213E+13 1.041385E+13 9.183366E+12 1.042676E+13
30000 3.750 1.098409E+13 1.078895E+13 1.008577E+13 1.090959E+13 1.038306E+13 1.093988E+13 1.065565E+13 1.096524E+13 9.701406E+12 1.099076E+13
30000 4.000 1.132357E+13 1.111842E+13 1.045335E+13 1.123508E+13 1.073564E+13 1.126618E+13 1.099174E+13 1.129328E+13 1.008145E+13 1.132514E+13
30000 4.250 1.152114E+13 1.131996E+13 1.071167E+13 1.142963E+13 1.097092E+13 1.145917E+13 1.120417E+13 1.148645E+13 1.036368E+13 1.152166E+13
30000 4.500 1.163808E+13 1.144612E+13 1.089317E+13 1.154816E+13 1.113062E+13 1.157632E+13 1.134161E+13 1.160318E+13 1.056557E+13 1.163819E+13
30000 4.750 1.170952E+13 1.152953E+13 1.102510E+13 1.162347E+13 1.124220E+13 1.165010E+13 1.143378E+13 1.167585E+13 1.072370E+13 1.171020E+13
32500 3.000 0.000000E+00 0.000000E+00 0.000000E+00 0.000000E+00 0.000000E+00 0.000000E+00 0.000000E+00 0.000000E+00 0.000000E+00 0.000000E+00
32500 3.250 1.105293E+13 1.104736E+13 1.060025E+13 1.112128E+13 1.078658E+13 1.112723E+13 1.096109E+13 1.111957E+13 1.036223E+13 1.108421E+13
32500 3.500 1.261653E+13 1.254738E+13 1.182545E+13 1.265192E+13 1.213596E+13 1.266991E+13 1.241693E+13 1.267851E+13 1.142863E+13 1.265019E+13
32500 3.750 1.371110E+13 1.359067E+13 1.272651E+13 1.370990E+13 1.309980E+13 1.373370E+13 1.343742E+13 1.374669E+13 1.224493E+13 1.374094E+13
32500 4.000 1.448923E+13 1.433116E+13 1.341368E+13 1.446049E+13 1.381479E+13 1.448551E+13 1.417240E+13 1.450306E+13 1.288851E+13 1.450679E+13
32500 4.250 1.503902E+13 1.485830E+13 1.394486E+13 1.498927E+13 1.434188E+13 1.501722E+13 1.469578E+13 1.503774E+13 1.341200E+13 1.505241E+13
32500 4.500 1.542085E+13 1.523369E+13 1.435783E+13 1.536043E+13 1.474017E+13 1.538780E+13 1.507874E+13 1.541003E+13 1.383884E+13 1.543077E+13
32500 4.750 1.568043E+13 1.549420E+13 1.467613E+13 1.561466E+13 1.503721E+13 1.564163E+13 1.535059E+13 1.566450E+13 1.418028E+13 1.568923E+13
35000 3.000 0.000000E+00 0.000000E+00 0.000000E+00 0.000000E+00 0.000000E+00 0.000000E+00 0.000000E+00 0.000000E+00 0.000000E+00 0.000000E+00
35000 3.250 1.218942E+13 1.224955E+13 1.201721E+13 1.226818E+13 1.212113E+13 1.226584E+13 1.221118E+13 1.225593E+13 1.188571E+13 1.222022E+13
35000 3.500 1.446864E+13 1.454729E+13 1.399574E+13 1.459548E+13 1.422725E+13 1.458582E+13 1.444912E+13 1.456644E+13 1.367822E+13 1.451609E+13
35000 3.750 1.605478E+13 1.610036E+13 1.531560E+13 1.618488E+13 1.566156E+13 1.617648E+13 1.597333E+13 1.615417E+13 1.485503E+13 1.610688E+13
35000 4.000 1.724139E+13 1.725844E+13 1.631667E+13 1.735241E+13 1.674069E+13 1.735223E+13 1.711435E+13 1.733482E+13 1.574606E+13 1.729030E+13
35000 4.250 1.815268E+13 1.813223E+13 1.711230E+13 1.823479E+13 1.757718E+13 1.824124E+13 1.796956E+13 1.823099E+13 1.648894E+13 1.818982E+13
35000 4.500 1.885657E+13 1.880757E+13 1.775717E+13 1.891077E+13 1.823882E+13 1.892056E+13 1.864752E+13 1.891682E+13 1.710752E+13 1.888793E+13
35000 4.750 1.939743E+13 1.932456E+13 1.828453E+13 1.942787E+13 1.876569E+13 1.943969E+13 1.916263E+13 1.943870E+13 1.762607E+13 1.942451E+13
37500 3.000 0.000000E+00 0.000000E+00 0.000000E+00 0.000000E+00 0.000000E+00 0.000000E+00 0.000000E+00 0.000000E+00 0.000000E+00 0.000000E+00
37500 3.250 0.000000E+00 0.000000E+00 0.000000E+00 0.000000E+00 0.000000E+00 0.000000E+00 0.000000E+00 0.000000E+00 0.000000E+00 0.000000E+00
37500 3.500 1.610063E+13 1.624461E+13 1.590625E+13 1.624222E+13 1.607762E+13 1.622938E+13 1.620653E+13 1.620906E+13 1.567075E+13 1.615475E+13
37500 3.750 1.818575E+13 1.839915E+13 1.781664E+13 1.838053E+13 1.809820E+13 1.835517E+13 1.832339E+13 1.832691E+13 1.743192E+13 1.825456E+13
37500 4.000 1.971080E+13 1.995359E+13 1.917959E+13 1.993942E+13 1.954884E+13 1.990174E+13 1.985055E+13 1.986510E+13 1.866656E+13 1.978120E+13
37500 4.250 2.089138E+13 2.113736E+13 2.023586E+13 2.113143E+13 2.066891E+13 2.108917E+13 2.101606E+13 2.104004E+13 1.963743E+13 2.095203E+13
37500 4.500 2.182917E+13 2.206138E+13 2.108183E+13 2.206373E+13 2.155890E+13 2.202190E+13 2.193294E+13 2.197150E+13 2.046271E+13 2.188693E+13
37500 4.750 2.258343E+13 2.278810E+13 2.178340E+13 2.280037E+13 2.228475E+13 2.276195E+13 2.266189E+13 2.271417E+13 2.107402E+13 2.263665E+13
40000 3.000 0.000000E+00 0.000000E+00 0.000000E+00 0.000000E+00 0.000000E+00 0.000000E+00 0.000000E+00 0.000000E+00 0.000000E+00 0.000000E+00
40000 3.250 0.000000E+00 0.000000E+00 0.000000E+00 0.000000E+00 0.000000E+00 0.000000E+00 0.000000E+00 0.000000E+00 0.000000E+00 0.000000E+00
40000 3.500 1.751612E+13 1.762859E+13 1.738901E+13 1.763762E+13 1.750924E+13 1.763260E+13 1.759961E+13 1.761718E+13 1.722240E+13 1.756562E+13
40000 3.750 2.024726E+13 2.051405E+13 2.014872E+13 2.047283E+13 2.036927E+13 2.044551E+13 2.050068E+13 2.041085E+13 1.983040E+13 2.032946E+13
40000 4.000 2.210719E+13 2.246461E+13 2.196090E+13 2.239614E+13 2.228274E+13 2.234975E+13 2.246608E+13 2.229888E+13 2.153118E+13 2.219203E+13
40000 4.250 2.350291E+13 2.395753E+13 2.333222E+13 2.383449E+13 2.370462E+13 2.377212E+13 2.394624E+13 2.370750E+13 2.279738E+13 2.359801E+13
40000 4.500 2.460124E+13 2.510209E+13 2.439585E+13 2.495666E+13 2.481478E+13 2.488261E+13 2.509244E+13 2.480637E+13 2.383330E+13 2.468533E+13
40000 4.750 2.548671E+13 2.600537E+13 2.525269E+13 2.584974E+13 2.569399E+13 2.576898E+13 2.597917E+13 2.568859E+13 2.458167E+13 2.556697E+13
42500 3.000 0.000000E+00 0.000000E+00 0.000000E+00 0.000000E+00 0.000000E+00 0.000000E+00 0.000000E+00 0.000000E+00 0.000000E+00 0.000000E+00
42500 3.250 0.000000E+00 0.000000E+00 0.000000E+00 0.000000E+00 0.000000E+00 0.000000E+00 0.000000E+00 0.000000E+00 0.000000E+00 0.000000E+00
42500 3.500 0.000000E+00 0.000000E+00 0.000000E+00 0.000000E+00 0.000000E+00 0.000000E+00 0.000000E+00 0.000000E+00 0.000000E+00 0.000000E+00
42500 3.750 2.226041E+13 2.252253E+13 2.225062E+13 2.249556E+13 2.241483E+13 2.247226E+13 2.250768E+13 2.243793E+13 2.198672E+13 2.234388E+13
42500 4.000 2.453958E+13 2.496458E+13 2.467331E+13 2.487259E+13 2.490577E+13 2.482508E+13 2.499174E+13 2.477005E+13 2.428261E+13 2.464214E+13
42500 4.250 2.615155E+13 2.670932E+13 2.639343E+13 2.655079E+13 2.667399E+13 2.648196E+13 2.677897E+13 2.641188E+13 2.591115E+13 2.626377E+13
42500 4.500 2.737358E+13 2.803027E+13 2.769531E+13 2.781701E+13 2.801544E+13 2.773031E+13 2.812986E+13 2.765310E+13 2.716338E+13 2.748438E+13
42500 4.750 2.833833E+13 2.906549E+13 2.871501E+13 2.880794E+13 2.906354E+13 2.870678E+13 2.918092E+13 2.860774E+13 2.813117E+13 2.844746E+13
45000 3.000 0.000000E+00 0.000000E+00 0.000000E+00 0.000000E+00 0.000000E+00 0.000000E+00 0.000000E+00 0.000000E+00 0.000000E+00 0.000000E+00
45000 3.250 0.000000E+00 0.000000E+00 0.000000E+00 0.000000E+00 0.000000E+00 0.000000E+00 0.000000E+00 0.000000E+00 0.000000E+00 0.000000E+00
45000 3.500 0.000000E+00 0.000000E+00 0.000000E+00 0.000000E+00 0.000000E+00 0.000000E+00 0.000000E+00 0.000000E+00 0.000000E+00 0.000000E+00
45000 3.750 2.412881E+13 2.436088E+13 2.416706E+13 2.434863E+13 2.427200E+13 2.433059E+13 2.434692E+13 2.429890E+13 2.400725E+13 2.420714E+13
45000 4.000 2.700914E+13 2.745961E+13 2.724440E+13 2.737668E+13 2.741634E+13 2.732917E+13 2.747836E+13 2.727031E+13 2.692196E+13 2.712692E+13
45000 4.250 2.889476E+13 2.951623E+13 2.938758E+13 2.935562E+13 2.958929E+13 2.928282E+13 2.960405E+13 2.920505E+13 2.897017E+13 2.903023E+13
45000 4.500 3.024779E+13 3.101060E+13 3.097605E+13 3.077334E+13 3.120506E+13 3.067842E+13 3.117045E+13 3.058247E+13 3.049902E+13 3.038654E+13
45000 4.750 3.127379E+13 3.214442E+13 3.219576E+13 3.183889E+13 3.242604E+13 3.172555E+13 3.236053E+13 3.161176E+13 3.167887E+13 3.141202E+13
47500 3.000 0.000000E+00 0.000000E+00 0.000000E+00 0.000000E+00 0.000000E+00 0.000000E+00 0.000000E+00 0.000000E+00 0.000000E+00 0.000000E+00
47500 3.250 0.000000E+00 0.000000E+00 0.000000E+00 0.000000E+00 0.000000E+00 0.000000E+00 0.000000E+00 0.000000E+00 0.000000E+00 0.000000E+00
47500 3.500 0.000000E+00 0.000000E+00 0.000000E+00 0.000000E+00 0.000000E+00 0.000000E+00 0.000000E+00 0.000000E+00 0.000000E+00 0.000000E+00
47500 3.750 2.566820E+13 2.580872E+13 2.577663E+13 2.579858E+13 2.578877E+13 2.579093E+13 2.580475E+13 2.577215E+13 2.575409E+13 2.571857E+13
47500 4.000 2.946524E+13 2.992770E+13 2.977876E+13 2.984907E+13 2.989777E+13 2.980229E+13 2.994157E+13 2.973872E+13 2.955146E+13 2.958572E+13
47500 4.250 3.171965E+13 3.238898E+13 3.232709E+13 3.223389E+13 3.247209E+13 3.215661E+13 3.246743E+13 3.206784E+13 3.199340E+13 3.187272E+13
47500 4.500 3.324566E+13 3.408773E+13 3.420941E+13 3.384681E+13 3.432725E+13 3.374453E+13 3.423187E+13 3.363790E+13 3.381834E+13 3.340854E+13
47500 4.750 3.434394E+13 3.531967E+13 3.563608E+13 3.500139E+13 3.573730E+13 3.487771E+13 3.554348E+13 3.474959E+13 3.521808E+13 3.451049E+13
50000 3.000 0.000000E+00 0.000000E+00 0.000000E+00 0.000000E+00 0.000000E+00 0.000000E+00 0.000000E+00 0.000000E+00 0.000000E+00 0.000000E+00
50000 3.250 0.000000E+00 0.000000E+00 0.000000E+00 0.000000E+00 0.000000E+00 0.000000E+00 0.000000E+00 0.000000E+00 0.000000E+00 0.000000E+00
50000 3.500 0.000000E+00 0.000000E+00 0.000000E+00 0.000000E+00 0.000000E+00 0.000000E+00 0.000000E+00 0.000000E+00 0.000000E+00 0.000000E+00
50000 3.750 0.000000E+00 0.000000E+00 0.000000E+00 0.000000E+00 0.000000E+00 0.000000E+00 0.000000E+00 0.000000E+00 0.000000E+00 0.000000E+00
50000 4.000 3.183592E+13 3.229314E+13 3.229015E+13 3.220573E+13 3.233550E+13 3.215753E+13 3.233127E+13 3.209506E+13 3.217848E+13 3.194714E+13
50000 4.250 3.459215E+13 3.531296E+13 3.531968E+13 3.514795E+13 3.541761E+13 3.506496E+13 3.538520E+13 3.496814E+13 3.509283E+13 3.475470E+13
50000 4.500 3.634419E+13 3.726553E+13 3.743444E+13 3.701559E+13 3.751499E+13 3.690491E+13 3.742484E+13 3.677772E+13 3.715831E+13 3.652754E+13
50000 4.750 3.754421E+13 3.862551E+13 3.907057E+13 3.829050E+13 3.908289E+13 3.815617E+13 3.887055E+13 3.801370E+13 3.876650E+13 3.773683E+13
52500 3.000 0.000000E+00 0.000000E+00 0.000000E+00 0.000000E+00 0.000000E+00 0.000000E+00 0.000000E+00 0.000000E+00 0.000000E+00 0.000000E+00
52500 3.250 0.000000E+00 0.000000E+00 0.000000E+00 0.000000E+00 0.000000E+00 0.000000E+00 0.000000E+00 0.000000E+00 0.000000E+00 0.000000E+00
52500 3.500 0.000000E+00 0.000000E+00 0.000000E+00 0.000000E+00 0.000000E+00 0.000000E+00 0.000000E+00 0.000000E+00 0.000000E+00 0.000000E+00
52500 3.750 0.000000E+00 0.000000E+00 0.000000E+00 0.000000E+00 0.000000E+00 0.000000E+00 0.000000E+00 0.000000E+00 0.000000E+00 0.000000E+00
52500 4.000 3.402536E+13 3.438779E+13 3.455600E+13 3.429821E+13 3.451820E+13 3.425979E+13 3.444639E+13 3.421294E+13 3.456917E+13 3.410969E+13
52500 4.250 3.748157E+13 3.823824E+13 3.838377E+13 3.805334E+13 3.840399E+13 3.796603E+13 3.832728E+13 3.786276E+13 3.824947E+13 3.764395E+13
52500 4.500 3.952471E+13 4.051574E+13 4.078036E+13 4.025145E+13 4.080360E+13 4.013105E+13 4.066515E+13 4.000196E+13 4.063027E+13 3.971912E+13
52500 4.750 4.085633E+13 4.203237E+13 4.254653E+13 4.168270E+13 4.250194E+13 4.153619E+13 4.226057E+13 4.137941E+13 4.235382E+13 4.106922E+13
55000 3.000 0.000000E+00 0.000000E+00 0.000000E+00 0.000000E+00 0.000000E+00 0.000000E+00 0.000000E+00 0.000000E+00 0.000000E+00 0.000000E+00
55000 3.250 0.000000E+00 0.000000E+00 0.000000E+00 0.000000E+00 0.000000E+00 0.000000E+00 0.000000E+00 0.000000E+00 0.000000E+00 0.000000E+00
55000 3.500 0.000000E+00 0.000000E+00 0.000000E+00 0.000000E+00 0.000000E+00 0.000000E+00 0.000000E+00 0.000000E+00 0.000000E+00 0.000000E+00
55000 3.750 0.000000E+00 0.000000E+00 0.000000E+00 0.000000E+00 0.000000E+00 0.000000E+00 0.000000E+00 0.000000E+00 0.000000E+00 0.000000E+00
55000 4.000 3.584672E+13 3.590310E+13 3.622961E+13 3.585824E+13 3.610347E+13 3.585485E+13 3.596849E+13 3.585584E+13 3.636465E+13 3.587098E+13
55000 4.250 4.035557E+13 4.109666E+13 4.141011E+13 4.089921E+13 4.134650E+13 4.081162E+13 4.121626E+13 4.071249E+13 4.139087E+13 4.050420E+13
55000 4.500 4.276934E+13 4.382214E+13 4.418472E+13 4.353003E+13 4.418299E+13 4.340104E+13 4.401240E+13 4.326342E+13 4.418183E+13 4.296942E+13
55000 4.750 4.426606E+13 4.553884E+13 4.616046E+13 4.515711E+13 4.604961E+13 4.499856E+13 4.578435E+13 4.482834E+13 4.606274E+13 4.449265E+13
