27500 3.000 2.013609E+12 2.015806E+12 1.879440E+12 2.031302E+12 1.939770E+12 2.033365E+12 1.992656E+12 2.034098E+12 1.800625E+12 2.033718E+12
27500 3.250 2.224195E+12 2.199771E+12 2.025506E+12 2.226905E+12 2.101902E+12 2.236415E+12 2.167805E+12 2.238814E+12 1.926253E+12 2.250488E+12
27500 3.500 2.337175E+12 2.286367E+12 2.107834E+12 2.320299E+12 2.181627E+12 2.330462E+12 2.252403E+12 2.341455E+12 2.006801E+12 2.358885E+12
27500 3.750 2.399972E+12 2.327233E+12 2.154809E+12 2.366510E+12 2.226676E+12 2.379793E+12 2.292310E+12 2.393775E+12 2.057929E+12 2.420524E+12
27500 4.000 2.438803E+12 2.347351E+12 2.180391E+12 2.392636E+12 2.248002E+12 2.406875E+12 2.311566E+12 2.424925E+12 2.088778E+12 2.454809E+12
27500 4.250 2.454540E+12 2.354678E+12 2.192500E+12 2.402430E+12 2.256523E+12 2.419042E+12 2.319078E+12 2.439482E+12 2.105873E+12 2.473494E+12
27500 4.500 2.456674E+12 2.352278E+12 2.195142E+12 2.400544E+12 2.255956E+12 2.419067E+12 2.315834E+12 2.440524E+12 2.111850E+12 2.476436E+12
27500 4.750 2.445172E+12 2.341835E+12 2.190504E+12 2.390058E+12 2.248245E+12 2.408741E+12 2.305992E+12 2.430436E+12 2.111718E+12 2.466861E+12
30000 3.000 2.455666E+12 2.517234E+12 2.473270E+12 2.506771E+12 2.501476E+12 2.500026E+12 2.517031E+12 2.491117E+12 2.428458E+12 2.479664E+12
30000 3.250 2.913653E+12 2.955313E+12 2.796418E+12 2.962775E+12 2.874078E+12 2.959368E+12 2.937322E+12 2.955135E+12 2.688760E+12 2.947605E+12
30000 3.500 3.220110E+12 3.239891E+12 3.021286E+12 3.257546E+12 3.125393E+12 3.258583E+12 3.207933E+12 3.258404E+12 2.887305E+12 3.255113E+12
30000 3.750 3.418538E+12 3.418461E+12 3.187289E+12 3.443278E+12 3.294059E+12 3.447408E+12 3.382052E+12 3.451001E+12 3.042891E+12 3.457434E+12
30000 4.000 3.541133E+12 3.522924E+12 3.291893E+12 3.551649E+12 3.396356E+12 3.558716E+12 3.482856E+12 3.564736E+12 3.148766E+12 3.576195E+12
30000 4.250 3.610993E+12 3.575434E+12 3.353996E+12 3.611445E+12 3.451207E+12 3.619233E+12 3.534275E+12 3.628514E+12 3.218929E+12 3.647442E+12
30000 4.500 3.644368E+12 3.593457E+12 3.380156E+12 3.635827E+12 3.474000E+12 3.646092E+12 3.553555E+12 3.659155E+12 3.252964E+12 3.680475E+12
30000 4.750 3.651021E+12 3.592768E+12 3.385775E+12 3.636570E+12 3.474994E+12 3.648806E+12 3.550953E+12 3.663994E+12 3.270518E+12 3.688624E+12
32500 3.000 0.000000E+00 0.000000E+00 0.000000E+00 0.000000E+00 0.000000E+00 0.000000E+00 0.000000E+00 0.000000E+00 0.000000E+00 0.000000E+00
32500 3.250 3.475476E+12 3.572844E+12 3.500877E+12 3.553518E+12 3.547546E+12 3.542242E+12 3.572796E+12 3.531303E+12 3.423481E+12 3.515669E+12
32500 3.500 3.998183E+12 4.100582E+12 3.926486E+12 4.090416E+12 4.021198E+12 4.077844E+12 4.085455E+12 4.065554E+12 3.791561E+12 4.046160E+12
32500 3.750 4.383255E+12 4.472853E+12 4.238886E+12 4.469324E+12 4.357465E+12 4.462562E+12 4.448286E+12 4.452775E+12 4.067075E+12 4.437760E+12
32500 4.000 4.660330E+12 4.731856E+12 4.468941E+12 4.738291E+12 4.605575E+12 4.731268E+12 4.707916E+12 4.725255E+12 4.276299E+12 4.713534E+12
32500 4.250 4.850314E+12 4.902080E+12 4.633571E+12 4.914207E+12 4.764140E+12 4.912155E+12 4.866689E+12 4.909302E+12 4.437030E+12 4.905605E+12
32500 4.500 4.971309E+12 5.010375E+12 4.744009E+12 5.026595E+12 4.870472E+12 5.024728E+12 4.973356E+12 5.024849E+12 4.556546E+12 5.025750E+12
32500 4.750 5.038472E+12 5.061819E+12 4.806095E+12 5.084456E+12 4.928927E+12 5.084929E+12 5.025039E+12 5.087782E+12 4.627885E+12 5.093924E+12
35000 3.000 0.000000E+00 0.000000E+00 0.000000E+00 0.000000E+00 0.000000E+00 0.000000E+00 0.000000E+00 0.000000E+00 0.000000E+00 0.000000E+00
35000 3.250 3.937464E+12 4.044690E+12 4.037019E+12 4.020769E+12 4.061896E+12 4.012321E+12 4.059789E+12 4.001951E+12 3.985334E+12 3.981935E+12
35000 3.500 4.684053E+12 4.828393E+12 4.738987E+12 4.795783E+12 4.787380E+12 4.780203E+12 4.833413E+12 4.765619E+12 4.630245E+12 4.743319E+12
35000 3.750 5.237521E+12 5.395996E+12 5.246252E+12 5.371317E+12 5.337742E+12 5.349083E+12 5.403735E+12 5.329081E+12 5.086380E+12 5.307347E+12
35000 4.000 5.662639E+12 5.841481E+12 5.627406E+12 5.806490E+12 5.754239E+12 5.784020E+12 5.846953E+12 5.762752E+12 5.420518E+12 5.734622E+12
35000 4.250 5.986259E+12 6.156086E+12 5.912766E+12 6.128931E+12 6.055728E+12 6.109535E+12 6.143228E+12 6.088591E+12 5.691852E+12 6.060870E+12
35000 4.500 6.223736E+12 6.382439E+12 6.121235E+12 6.359035E+12 6.271176E+12 6.342759E+12 6.374358E+12 6.324735E+12 5.896115E+12 6.298731E+12
35000 4.750 6.388960E+12 6.528331E+12 6.267048E+12 6.512481E+12 6.417693E+12 6.499507E+12 6.510625E+12 6.482081E+12 6.037890E+12 6.465070E+12
37500 3.000 0.000000E+00 0.000000E+00 0.000000E+00 0.000000E+00 0.000000E+00 0.000000E+00 0.000000E+00 0.000000E+00 0.000000E+00 0.000000E+00
37500 3.250 0.000000E+00 0.000000E+00 0.000000E+00 0.000000E+00 0.000000E+00 0.000000E+00 0.000000E+00 0.000000E+00 0.000000E+00 0.000000E+00
37500 3.500 5.328647E+12 5.478881E+12 5.432299E+12 5.451307E+12 5.483764E+12 5.438839E+12 5.492222E+12 5.425250E+12 5.338190E+12 5.396138E+12
37500 3.750 6.050005E+12 6.250527E+12 6.160960E+12 6.200843E+12 6.240492E+12 6.182789E+12 6.263821E+12 6.165638E+12 6.022008E+12 6.134886E+12
37500 4.000 6.596474E+12 6.834980E+12 6.704363E+12 6.774517E+12 6.804753E+12 6.746353E+12 6.851127E+12 6.724207E+12 6.518575E+12 6.685414E+12
37500 4.250 7.020063E+12 7.286663E+12 7.124588E+12 7.215507E+12 7.243289E+12 7.181571E+12 7.299907E+12 7.153520E+12 6.916714E+12 7.111134E+12
37500 4.500 7.346065E+12 7.626952E+12 7.439719E+12 7.550650E+12 7.574429E+12 7.513895E+12 7.638918E+12 7.483089E+12 7.267480E+12 7.441627E+12
37500 4.750 7.591485E+12 7.866633E+12 7.678008E+12 7.797252E+12 7.822258E+12 7.760094E+12 7.880374E+12 7.728467E+12 7.436215E+12 7.688561E+12
40000 3.000 0.000000E+00 0.000000E+00 0.000000E+00 0.000000E+00 0.000000E+00 0.000000E+00 0.000000E+00 0.000000E+00 0.000000E+00 0.000000E+00
40000 3.250 0.000000E+00 0.000000E+00 0.000000E+00 0.000000E+00 0.000000E+00 0.000000E+00 0.000000E+00 0.000000E+00 0.000000E+00 0.000000E+00
40000 3.500 5.923058E+12 6.078656E+12 6.012818E+12 6.056623E+12 6.063473E+12 6.045247E+12 6.084370E+12 6.029496E+12 5.924412E+12 5.993868E+12
40000 3.750 6.865681E+12 7.074204E+12 6.997987E+12 7.039107E+12 7.073210E+12 7.021000E+12 7.088943E+12 7.002394E+12 6.867650E+12 6.964292E+12
40000 4.000 7.534935E+12 7.775435E+12 7.704809E+12 7.740650E+12 7.820209E+12 7.713763E+12 7.822297E+12 7.689425E+12 7.553146E+12 7.639554E+12
40000 4.250 8.040641E+12 8.356990E+12 8.279084E+12 8.271592E+12 8.386933E+12 8.236686E+12 8.403786E+12 8.206470E+12 8.086843E+12 8.156996E+12
40000 4.500 8.428937E+12 8.782412E+12 8.705779E+12 8.677307E+12 8.822758E+12 8.635809E+12 8.847326E+12 8.598472E+12 8.549697E+12 8.545301E+12
40000 4.750 8.724282E+12 9.101447E+12 9.029450E+12 8.982833E+12 9.142301E+12 8.936956E+12 9.156777E+12 8.898338E+12 8.798474E+12 8.843301E+12
42500 3.000 0.000000E+00 0.000000E+00 0.000000E+00 0.000000E+00 0.000000E+00 0.000000E+00 0.000000E+00 0.000000E+00 0.000000E+00 0.000000E+00
42500 3.250 0.000000E+00 0.000000E+00 0.000000E+00 0.000000E+00 0.000000E+00 0.000000E+00 0.000000E+00 0.000000E+00 0.000000E+00 0.000000E+00
42500 3.500 0.000000E+00 0.000000E+00 0.000000E+00 0.000000E+00 0.000000E+00 0.000000E+00 0.000000E+00 0.000000E+00 0.000000E+00 0.000000E+00
42500 3.750 7.682289E+12 7.899867E+12 7.779904E+12 7.875106E+12 7.861148E+12 7.857844E+12 7.899441E+12 7.836869E+12 7.637370E+12 7.783665E+12
42500 4.000 8.507483E+12 8.786830E+12 8.703942E+12 8.742351E+12 8.791250E+12 8.716468E+12 8.804223E+12 8.690329E+12 8.526720E+12 8.626581E+12
42500 4.250 9.100087E+12 9.442708E+12 9.407007E+12 9.366582E+12 9.486878E+12 9.331915E+12 9.489904E+12 9.303695E+12 9.208456E+12 9.234556E+12
42500 4.500 9.539363E+12 9.931825E+12 9.939910E+12 9.829724E+12 1.002016E+13 9.787156E+12 1.000283E+13 9.755129E+12 9.747914E+12 9.677071E+12
42500 4.750 9.867141E+12 1.030066E+13 1.033983E+13 1.017381E+13 1.042252E+13 1.012425E+13 1.038590E+13 1.008086E+13 1.013522E+13 1.000924E+13
45000 3.000 0.000000E+00 0.000000E+00 0.000000E+00 0.000000E+00 0.000000E+00 0.000000E+00 0.000000E+00 0.000000E+00 0.000000E+00 0.000000E+00
45000 3.250 0.000000E+00 0.000000E+00 0.000000E+00 0.000000E+00 0.000000E+00 0.000000E+00 0.000000E+00 0.000000E+00 0.000000E+00 0.000000E+00
45000 3.500 0.000000E+00 0.000000E+00 0.000000E+00 0.000000E+00 0.000000E+00 0.000000E+00 0.000000E+00 0.000000E+00 0.000000E+00 0.000000E+00
45000 3.750 8.461426E+12 8.699146E+12 8.606597E+12 8.668339E+12 8.673431E+12 8.649127E+12 8.689158E+12 8.624201E+12 8.494529E+12 8.566196E+12
45000 4.000 9.509525E+12 9.811317E+12 9.664302E+12 9.773141E+12 9.767485E+12 9.746610E+12 9.812971E+12 9.717236E+12 9.478455E+12 9.643949E+12
45000 4.250 1.021174E+13 1.058161E+13 1.050638E+13 1.051614E+13 1.059904E+13 1.048039E+13 1.061580E+13 1.044893E+13 1.030276E+13 1.036570E+13
45000 4.500 1.070756E+13 1.114177E+13 1.115933E+13 1.104282E+13 1.124373E+13 1.099835E+13 1.121845E+13 1.096057E+13 1.095347E+13 1.086721E+13
45000 4.750 1.106370E+13 1.155057E+13 1.165644E+13 1.141951E+13 1.171463E+13 1.136722E+13 1.165939E+13 1.131905E+13 1.145028E+13 1.122891E+13
47500 3.000 0.000000E+00 0.000000E+00 0.000000E+00 0.000000E+00 0.000000E+00 0.000000E+00 0.000000E+00 0.000000E+00 0.000000E+00 0.000000E+00
47500 3.250 0.000000E+00 0.000000E+00 0.000000E+00 0.000000E+00 0.000000E+00 0.000000E+00 0.000000E+00 0.000000E+00 0.000000E+00 0.000000E+00
47500 3.500 0.000000E+00 0.000000E+00 0.000000E+00 0.000000E+00 0.000000E+00 0.000000E+00 0.000000E+00 0.000000E+00 0.000000E+00 0.000000E+00
47500 3.750 9.132587E+12 9.372503E+12 9.424137E+12 9.325397E+12 9.421050E+12 9.304327E+12 9.398729E+12 9.278490E+12 9.407828E+12 9.229544E+12
47500 4.000 1.051889E+13 1.085050E+13 1.070814E+13 1.080555E+13 1.080877E+13 1.077867E+13 1.085277E+13 1.074225E+13 1.053509E+13 1.066176E+13
47500 4.250 1.136684E+13 1.176718E+13 1.163243E+13 1.170979E+13 1.174951E+13 1.167125E+13 1.178845E+13 1.163068E+13 1.141701E+13 1.153939E+13
47500 4.500 1.193647E+13 1.240920E+13 1.237685E+13 1.231822E+13 1.245376E+13 1.227066E+13 1.244793E+13 1.222858E+13 1.216195E+13 1.211775E+13
47500 4.750 1.232665E+13 1.285647E+13 1.295030E+13 1.273485E+13 1.299968E+13 1.267896E+13 1.293505E+13 1.262508E+13 1.275197E+13 1.251607E+13
50000 3.000 0.000000E+00 0.000000E+00 0.000000E+00 0.000000E+00 0.000000E+00 0.000000E+00 0.000000E+00 0.000000E+00 0.000000E+00 0.000000E+00
50000 3.250 0.000000E+00 0.000000E+00 0.000000E+00 0.000000E+00 0.000000E+00 0.000000E+00 0.000000E+00 0.000000E+00 0.000000E+00 0.000000E+00
50000 3.500 0.000000E+00 0.000000E+00 0.000000E+00 0.000000E+00 0.000000E+00 0.000000E+00 0.000000E+00 0.000000E+00 0.000000E+00 0.000000E+00
50000 3.750 0.000000E+00 0.000000E+00 0.000000E+00 0.000000E+00 0.000000E+00 0.000000E+00 0.000000E+00 0.000000E+00 0.000000E+00 0.000000E+00
50000 4.000 1.150813E+13 1.187357E+13 1.182760E+13 1.181214E+13 1.188791E+13 1.177766E+13 1.190175E+13 1.173844E+13 1.170986E+13 1.165364E+13
50000 4.250 1.255342E+13 1.300208E+13 1.286915E+13 1.293253E+13 1.299004E+13 1.288913E+13 1.301698E+13 1.284256E+13 1.267256E+13 1.274061E+13
50000 4.500 1.321762E+13 1.373958E+13 1.364363E+13 1.364621E+13 1.375898E+13 1.359404E+13 1.379267E+13 1.353355E+13 1.343475E+13 1.341907E+13
50000 4.750 1.365409E+13 1.424130E+13 1.429007E+13 1.411537E+13 1.435219E+13 1.405474E+13 1.433003E+13 1.399439E+13 1.408518E+13 1.386668E+13
52500 3.000 0.000000E+00 0.000000E+00 0.000000E+00 0.000000E+00 0.000000E+00 0.000000E+00 0.000000E+00 0.000000E+00 0.000000E+00 0.000000E+00
52500 3.250 0.000000E+00 0.000000E+00 0.000000E+00 0.000000E+00 0.000000E+00 0.000000E+00 0.000000E+00 0.000000E+00 0.000000E+00 0.000000E+00
52500 3.500 0.000000E+00 0.000000E+00 0.000000E+00 0.000000E+00 0.000000E+00 0.000000E+00 0.000000E+00 0.000000E+00 0.000000E+00 0.000000E+00
52500 3.750 0.000000E+00 0.000000E+00 0.000000E+00 0.000000E+00 0.000000E+00 0.000000E+00 0.000000E+00 0.000000E+00 0.000000E+00 0.000000E+00
52500 4.000 1.244004E+13 1.280025E+13 1.289132E+13 1.272179E+13 1.288763E+13 1.268713E+13 1.284545E+13 1.264865E+13 1.286438E+13 1.257980E+13
52500 4.250 1.375908E+13 1.425782E+13 1.420330E+13 1.416556E+13 1.428252E+13 1.411682E+13 1.428538E+13 1.406283E+13 1.403155E+13 1.395670E+13
52500 4.500 1.454511E+13 1.511659E+13 1.505017E+13 1.501586E+13 1.515417E+13 1.495702E+13 1.515874E+13 1.490240E+13 1.487707E+13 1.476091E+13
52500 4.750 1.503948E+13 1.567945E+13 1.570263E+13 1.555216E+13 1.577161E+13 1.548477E+13 1.574295E+13 1.541707E+13 1.549633E+13 1.527203E+13
55000 3.000 0.000000E+00 0.000000E+00 0.000000E+00 0.000000E+00 0.000000E+00 0.000000E+00 0.000000E+00 0.000000E+00 0.000000E+00 0.000000E+00
55000 3.250 0.000000E+00 0.000000E+00 0.000000E+00 0.000000E+00 0.000000E+00 0.000000E+00 0.000000E+00 0.000000E+00 0.000000E+00 0.000000E+00
55000 3.500 0.000000E+00 0.000000E+00 0.000000E+00 0.000000E+00 0.000000E+00 0.000000E+00 0.000000E+00 0.000000E+00 0.000000E+00 0.000000E+00
55000 3.750 0.000000E+00 0.000000E+00 0.000000E+00 0.000000E+00 0.000000E+00 0.000000E+00 0.000000E+00 0.000000E+00 0.000000E+00 0.000000E+00
55000 4.000 1.323534E+13 1.350183E+13 1.377193E+13 1.342686E+13 1.368309E+13 1.340421E+13 1.357098E+13 1.338224E+13 1.385715E+13 1.335651E+13
55000 4.250 1.497026E+13 1.549394E+13 1.554501E+13 1.538443E+13 1.557261E+13 1.533046E+13 1.554760E+13 1.527484E+13 1.543831E+13 1.515929E+13
55000 4.500 1.590989E+13 1.654295E+13 1.650349E+13 1.641639E+13 1.662534E+13 1.634987E+13 1.661868E+13 1.628841E+13 1.641069E+13 1.613818E+13
55000 4.750 1.647690E+13 1.718691E+13 1.724466E+13 1.703682E+13 1.729210E+13 1.696177E+13 1.726087E+13 1.688586E+13 1.704691E+13 1.672623E+13
