0.950 0.00010 0.1648500 3.8456700 10.7571800 2.0995179E+17 2.0995179E+17
0.950 0.00020 0.1619100 3.8429200 10.7612000 2.1176791E+17 2.1176791E+17
0.950 0.00050 0.1404000 3.8350100 10.7662800 2.1850536E+17 2.1850536E+17
0.950 0.00100 0.1225800 3.8265500 10.7742900 2.2867585E+17 2.2867585E+17
0.950 0.00200 0.0744500 3.8140000 10.7753300 2.4834055E+17 2.4834055E+17
0.950 0.00400 -0.0150100 3.7962700 10.7660500 2.8430615E+17 2.8430615E+17
0.950 0.00600 -0.0726300 3.7833500 10.7630800 3.1852941E+17 3.1852941E+17
0.950 0.00800 -0.1168300 3.7728900 10.7619100 3.4709810E+17 3.4709810E+17
0.950 0.01000 -0.1551100 3.7637700 10.7610000 3.7251194E+17 3.7251194E+17
0.950 0.01400 -0.2171400 3.7489500 10.7596200 4.2027057E+17 4.2027057E+17
0.950 0.01700 -0.2494700 3.7409300 10.7594900 4.4507678E+17 4.4507678E+17
1.000 0.00010 0.2639400 3.8607800 10.7765100 1.7682508E+17 1.7682508E+17
1.000 0.00020 0.2617800 3.8576400 10.7817100 1.7824543E+17 1.7824543E+17
1.000 0.00050 0.2443100 3.8489400 10.7903600 1.8367661E+17 1.8367661E+17
1.000 0.00100 0.2215000 3.8390000 10.7988400 1.9196548E+17 1.9196548E+17
1.000 0.00200 0.1884500 3.8258900 10.8085400 2.0797703E+17 2.0797703E+17
1.000 0.00400 0.0880000 3.8072400 10.7956100 2.3737210E+17 2.3737210E+17
1.000 0.00600 0.0311900 3.7948400 10.7920100 2.6555912E+17 2.6555912E+17
1.000 0.00800 -0.0150800 3.7846800 10.7891900 2.8923437E+17 2.8923437E+17
1.000 0.01000 -0.0516800 3.7763500 10.7875500 3.1037975E+17 3.1037975E+17
1.000 0.01400 -0.1180500 3.7614000 10.7842700 3.5023270E+17 3.5023270E+17
1.000 0.01700 -0.1533000 3.7531200 10.7832100 3.7102230E+17 3.7102230E+17
2.000 0.00010 1.5094600 4.1326800 10.8554700 2.4527578E+16 2.4527577E+16
2.000 0.00020 1.5025800 4.1282400 10.8609000 2.5156016E+16 2.5156016E+16
2.000 0.00050 1.4938900 4.1176800 10.8776900 2.6418766E+16 2.6418765E+16
2.000 0.00100 1.4799700 4.1044200 10.8972400 2.7947101E+16 2.7947101E+16
2.000 0.00200 1.4449600 4.0834300 10.9217100 3.0632622E+16 3.0632621E+16
2.000 0.00400 1.4101700 4.0557300 10.9597100 3.4436866E+16 3.4436865E+16
2.000 0.00600 1.3770600 4.0354300 10.9837600 3.7664938E+16 3.7664934E+16
2.000 0.00800 1.3137800 3.9777400 11.0675100 4.0551306E+16 4.0551302E+16
2.000 0.01000 1.2608500 3.9582500 11.0800200 4.2994153E+16 4.2994151E+16
2.000 0.01400 1.1777900 3.9272400 11.1005200 4.6802475E+16 4.6802473E+16
2.000 0.01700 1.1333600 3.9101200 11.1125300 4.8838375E+16 4.8838362E+16
3.000 0.00010 2.1324100 4.2621300 10.9080400 8.7446946E+15 8.7446945E+15
3.000 0.00020 2.1172000 4.2520700 10.9205500 8.9702331E+15 8.9702331E+15
3.000 0.00050 2.1011900 4.2362500 10.9442000 9.3527804E+15 9.3527803E+15
3.000 0.00100 2.0875900 4.2208500 10.9681800 9.7259597E+15 9.7259597E+15
3.000 0.00200 2.0681000 4.2006200 10.9989100 1.0283671E+16 1.0283671E+16
3.000 0.00400 2.0551600 4.1782400 11.0371800 1.1217419E+16 1.1217419E+16
3.000 0.00600 2.0385400 4.1606500 11.0640700 1.2062433E+16 1.2062433E+16
3.000 0.00800 2.0138900 4.1460500 11.0809400 1.2719610E+16 1.2719610E+16
3.000 0.01000 1.9753900 4.1313100 11.0911700 1.3301552E+16 1.3301552E+16
3.000 0.01400 1.8950000 4.0564800 11.2006400 1.4411785E+16 1.4411784E+16
3.000 0.01700 1.8571800 4.0400400 11.2145900 1.4892483E+16 1.4892482E+16
4.000 0.00010 2.5457500 4.3308000 10.9773700 4.6035105E+15 4.6035104E+15
4.000 0.00020 2.5394600 4.3215000 10.9928200 4.6895493E+15 4.6895493E+15
4.000 0.00050 2.5264600 4.3054500 11.0184300 4.8342512E+15 4.8342512E+15
4.000 0.00100 2.5181300 4.2915300 11.0420900 4.9670968E+15 4.9670968E+15
4.000 0.00200 2.5032500 4.2728800 11.0719600 5.1565029E+15 5.1565029E+15
4.000 0.00400 2.4928400 4.2524600 11.1075900 5.4468149E+15 5.4468148E+15
4.000 0.00600 2.4812300 4.2369300 11.1328500 5.7246881E+15 5.7246881E+15
4.000 0.00800 2.4698500 4.2250300 11.1509700 5.9368544E+15 5.9368544E+15
4.000 0.01000 2.4503500 4.2139200 11.1634200 6.1078876E+15 6.1078875E+15
4.000 0.01400 2.3833300 4.1426100 11.2725300 6.4577210E+15 6.4577210E+15
4.000 0.01700 2.3484000 4.1274900 11.2853100 6.6098058E+15 6.6098058E+15
5.000 0.00010 2.8636500 4.3796300 11.0386600 2.8829584E+15 2.8829568E+15
5.000 0.00020 2.8604200 4.3708800 11.0545400 2.9220515E+15 2.9220488E+15
5.000 0.00050 2.8488400 4.3553200 11.0798700 2.9935501E+15 2.9935501E+15
5.000 0.00100 2.8402700 4.3413500 11.1035300 3.0562116E+15 3.0562116E+15
5.000 0.00200 2.8324900 4.3256200 11.1310900 3.1440031E+15 3.1440031E+15
5.000 0.00400 2.8288000 4.3074100 11.1656800 3.2630736E+15 3.2630736E+15
5.000 0.00600 2.8155200 4.2925700 11.1887200 3.3798111E+15 3.3798110E+15
5.000 0.00800 2.8055000 4.2816300 11.2055800 3.4540833E+15 3.4540833E+15
5.000 0.01000 2.7928000 4.2720700 11.2183600 3.5199109E+15 3.5199109E+15
5.000 0.01400 2.7443700 4.2057600 11.3267700 3.6524774E+15 3.6524774E+15
5.000 0.01700 2.7127200 4.1917900 11.3388600 3.6984871E+15 3.6984871E+15
7.000 0.00010 3.3364500 4.4499900 11.1343400 1.4954286E+15 1.4954219E+15
7.000 0.00020 3.3274700 4.4394900 11.1508500 1.5084987E+15 1.5084926E+15
7.000 0.00050 3.3227400 4.4264300 11.1746100 1.5320097E+15 1.5320049E+15
7.000 0.00100 3.3176300 4.4143100 11.1962900 1.5509187E+15 1.5509127E+15
7.000 0.00200 3.3189000 4.4011900 11.2231600 1.5751698E+15 1.5751647E+15
7.000 0.00400 3.3213100 4.3852900 11.2561700 1.6005628E+15 1.6005606E+15
7.000 0.00600 3.3106800 4.3721900 11.2770700 1.6282907E+15 1.6282889E+15
7.000 0.00800 3.3047500 4.3628200 11.2928300 1.6427963E+15 1.6427945E+15
7.000 0.01000 3.3230100 4.3174500 11.3927000 1.6528045E+15 1.6528009E+15
7.000 0.01400 3.2697100 4.2952200 11.4105000 1.6770291E+15 1.6770275E+15
7.000 0.01700 3.2441800 4.2833700 11.4214500 1.6814434E+15 1.6814417E+15
8.000 0.00010 3.5138400 4.4752400 11.1725200 1.1832678E+15 1.1830698E+15
8.000 0.00020 3.5099800 4.4661000 11.1888800 1.1927205E+15 1.1924947E+15
8.000 0.00050 3.5034700 4.4526900 11.2124400 1.2099720E+15 1.2096734E+15
8.000 0.00100 3.5008500 4.4415300 11.2334600 1.2216334E+15 1.2213474E+15
8.000 0.00200 3.5011200 4.4286500 11.2593500 1.2367580E+15 1.2364610E+15
8.000 0.00400 3.5022800 4.4133300 11.2905800 1.2544379E+15 1.2542193E+15
8.000 0.00600 3.5003800 4.4020100 11.3122600 1.2697802E+15 1.2696230E+15
8.000 0.00800 3.4935600 4.3929500 11.3269800 1.2753542E+15 1.2752340E+15
8.000 0.01000 3.5235400 4.3487100 11.4304400 1.2824696E+15 1.2821709E+15
8.000 0.01400 3.4659300 4.3286800 11.4417000 1.3147088E+15 1.3145977E+15
8.000 0.01700 3.4420500 4.3175300 11.4520600 1.2860049E+15 1.2857421E+15
10.000 0.00010 3.8096900 4.5175400 11.2358600 8.0474190E+14 8.0472075E+14
10.000 0.00020 3.8044600 4.5080900 11.2521400 8.0964298E+14 8.0962106E+14
10.000 0.00050 3.7992200 4.4953300 11.2750400 8.2132500E+14 8.2128900E+14
10.000 0.00100 3.7992600 4.4852400 11.2952500 8.2676858E+14 8.2672536E+14
10.000 0.00200 3.8102600 4.4748800 11.3214700 8.3224156E+14 8.3218535E+14
10.000 0.00400 3.8046200 4.4594000 11.3496000 8.3774274E+14 8.3769891E+14
10.000 0.00600 3.7984000 4.4484100 11.3684700 8.4234303E+14 8.4211639E+14
10.000 0.00800 3.8005300 4.4410400 11.3842700 8.4190985E+14 8.4161507E+14
10.000 0.01000 3.7960500 4.4344000 11.3953300 8.3925890E+14 8.3896166E+14
10.000 0.01400 3.7885700 4.3814400 11.4974900 8.3737389E+14 8.3722521E+14
10.000 0.01700 3.7694200 4.3715700 11.5076700 8.2911609E+14 8.2895866E+14
12.000 0.00010 4.0686300 4.5549600 11.2904900 6.0698531E+14 6.0697165E+14
12.000 0.00020 4.0406300 4.5416600 11.3030900 6.1011947E+14 6.1010457E+14
12.000 0.00050 4.0395900 4.5300600 11.3257700 6.1520047E+14 6.1518519E+14
12.000 0.00100 4.0339100 4.5190800 11.3449000 6.1788614E+14 6.1786958E+14
12.000 0.00200 4.0490600 4.5097800 11.3710600 6.2008581E+14 6.2006539E+14
12.000 0.00400 4.0389300 4.4944900 11.3965800 6.2087360E+14 6.2085317E+14
12.000 0.00600 4.0397500 4.4850100 11.4159500 6.2179463E+14 6.2177649E+14
12.000 0.00800 4.0362000 4.4775000 11.4292000 6.1888726E+14 6.1887136E+14
12.000 0.01000 4.0335700 4.4714500 11.4399800 6.1506078E+14 6.1505579E+14
12.000 0.01400 4.0378900 4.4215500 11.5419300 6.1068228E+14 6.1067702E+14
12.000 0.01700 4.0188700 4.4127500 11.5500200 6.0262457E+14 6.0261933E+14
14.000 0.00010 4.2680300 4.5822100 11.3357000 4.8611085E+14 4.8610373E+14
14.000 0.00020 4.2687800 4.5740700 11.3523500 4.8838451E+14 4.8837839E+14
14.000 0.00050 4.2519700 4.5600500 11.3719900 4.9185316E+14 4.9184605E+14
14.000 0.00100 4.2507200 4.5500100 11.3914300 4.9318987E+14 4.9318292E+14
14.000 0.00200 4.2447400 4.5377200 11.4130100 4.9410633E+14 4.9409750E+14
14.000 0.00400 4.2428700 4.5239600 11.4396000 4.9334325E+14 4.9333358E+14
14.000 0.00600 4.2355000 4.5141000 11.4556500 4.9282359E+14 4.9281228E+14
14.000 0.00800 4.2282800 4.5066500 11.4669200 4.8958200E+14 4.8956957E+14
14.000 0.01000 4.2292100 4.5012900 11.4781100 4.8581060E+14 4.8579808E+14
14.000 0.01400 4.2209900 4.4917200 11.4931600 4.8084877E+14 4.8083406E+14
14.000 0.01700 4.2282100 4.4875100 11.5051700 4.7392409E+14 4.7390823E+14
16.000 0.00010 4.4348700 4.6047900 11.3739400 4.0822718E+14 4.0822348E+14
16.000 0.00020 4.4179500 4.5944500 11.3861600 4.0995627E+14 4.0995293E+14
16.000 0.00050 4.4094400 4.5817600 11.4073000 4.1263416E+14 4.1263046E+14
16.000 0.00100 4.4103000 4.5723000 11.4266400 4.1361150E+14 4.1360760E+14
16.000 0.00200 4.4039600 4.5603600 11.4473600 4.1362455E+14 4.1362104E+14
16.000 0.00400 4.4041300 4.5472900 11.4735700 4.1236564E+14 4.1236179E+14
16.000 0.00600 4.3901400 4.5371800 11.4867900 4.1139727E+14 4.1139331E+14
16.000 0.00800 4.3874500 4.5305200 11.4987800 4.0822430E+14 4.0822050E+14
16.000 0.01000 4.3866500 4.5252700 11.5088900 4.0475925E+14 4.0475518E+14
16.000 0.01400 4.3697200 4.5148700 11.5212000 3.9977976E+14 3.9977976E+14
16.000 0.01700 4.3713400 4.5104500 11.5308700 3.9374836E+14 3.9374836E+14
18.000 0.00010 4.5650500 4.6225300 11.4035500 3.5372060E+14 3.5371860E+14
18.000 0.00020 4.5540000 4.6129400 11.4172200 3.5514716E+14 3.5514517E+14
18.000 0.00050 4.5562700 4.6018200 11.4405900 3.5733150E+14 3.5732950E+14
18.000 0.00100 4.5472400 4.5912400 11.4572400 3.5790255E+14 3.5790070E+14
18.000 0.00200 4.5373300 4.5791700 11.4764200 3.5778621E+14 3.5778428E+14
18.000 0.00400 4.5361600 4.5665100 11.5011600 3.5637778E+14 3.5637570E+14
18.000 0.00600 4.5297600 4.5575000 11.5159800 3.5512578E+14 3.5512362E+14
18.000 0.00800 4.5331300 4.5515800 11.5295000 3.5230884E+14 3.5230673E+14
18.000 0.01000 4.5324600 4.5464700 11.5393800 3.4903273E+14 3.4903051E+14
18.000 0.01400 4.5114400 4.5361200 11.5495600 3.4436312E+14 3.4436312E+14
18.000 0.01700 4.5160700 4.5322600 11.5596200 3.3902373E+14 3.3902373E+14
20.000 0.00010 4.6794400 4.6379500 11.4299200 3.1367843E+14 3.1367741E+14
20.000 0.00020 4.6736700 4.6290100 11.4449100 3.1500340E+14 3.1500227E+14
20.000 0.00050 4.6702800 4.6172800 11.4666700 3.1664516E+14 3.1664407E+14
20.000 0.00100 4.6628900 4.6070900 11.4833700 3.1718368E+14 3.1718259E+14
20.000 0.00200 4.6575300 4.5958600 11.5031400 3.1706338E+14 3.1706229E+14
20.000 0.00400 4.6609800 4.5839200 11.5287500 3.1552830E+14 3.1552711E+14
20.000 0.00600 4.6553600 4.5751700 11.5434300 3.1434806E+14 3.1434684E+14
20.000 0.00800 4.6534400 4.5689100 11.5550000 3.1162923E+14 3.1162796E+14
20.000 0.01000 4.6526000 4.5639200 11.5645500 3.0887705E+14 3.0887571E+14
20.000 0.01400 4.6358100 4.5543600 11.5752900 3.0469380E+14 3.0469380E+14
20.000 0.01700 4.6387300 4.5503000 11.5848600 2.9974697E+14 2.9974697E+14
24.000 0.00010 4.9327100 4.6645700 11.5033200 2.5945357E+14 2.5945317E+14
24.000 0.00020 4.9322700 4.6560500 11.5201300 2.6052765E+14 2.6052724E+14
24.000 0.00050 4.9150600 4.6453300 11.5329600 2.6188653E+14 2.6188608E+14
24.000 0.00100 4.9184000 4.6346600 11.5559700 2.6224068E+14 2.6224025E+14
24.000 0.00200 4.9130900 4.6229900 11.5766500 2.6207658E+14 2.6207611E+14
24.000 0.00400 4.9067400 4.6100200 11.5994100 2.6079013E+14 2.6078971E+14
24.000 0.00600 4.8412200 4.6014900 11.5837300 2.5957178E+14 2.5957178E+14
24.000 0.00800 4.8427300 4.5960100 11.5954300 2.5739637E+14 2.5739637E+14
24.000 0.01000 4.8485000 4.5919500 11.6064400 2.5499847E+14 2.5499847E+14
24.000 0.01400 4.8480200 4.5843000 11.6215100 2.5127491E+14 2.5127491E+14
24.000 0.01700 4.8529400 4.5804700 11.6316300 2.4731005E+14 2.4731005E+14
28.000 0.00010 5.0856600 4.6841300 11.5406600 2.2456388E+14 2.2456367E+14
28.000 0.00020 5.0850900 4.6756600 11.5573200 2.2536055E+14 2.2536033E+14
28.000 0.00050 5.0796800 4.6640200 11.5778900 2.2655899E+14 2.2655878E+14
28.000 0.00100 5.0712600 4.6549900 11.5917400 2.2685072E+14 2.2685051E+14
28.000 0.00200 5.0723700 4.6424800 11.6173200 2.2669137E+14 2.2669116E+14
28.000 0.00400 5.0098200 4.6318400 11.6073300 2.2551478E+14 2.2551478E+14
28.000 0.00600 5.0067500 4.6239300 11.6216100 2.2455635E+14 2.2455635E+14
28.000 0.00800 5.0107600 4.6187000 11.6340800 2.2260193E+14 2.2260193E+14
28.000 0.01000 5.0057700 4.6137000 11.6415900 2.2048403E+14 2.2048403E+14
28.000 0.01400 5.0082300 4.6064200 11.6573700 2.1748112E+14 2.1748112E+14
28.000 0.01700 5.0139800 4.6026900 11.6677000 2.1417751E+14 2.1417751E+14
30.000 0.00010 5.1503700 4.6927400 11.5557900 2.1143509E+14 2.1143492E+14
30.000 0.00020 5.1486900 4.6845200 11.5714000 2.1220224E+14 2.1220208E+14
30.000 0.00050 5.1372300 4.6737700 11.5871700 2.1330036E+14 2.1330019E+14
30.000 0.00100 5.1426900 4.6626600 11.6121200 2.1355229E+14 2.1355213E+14
30.000 0.00200 5.1386300 4.6514800 11.6324400 2.1343333E+14 2.1343316E+14
30.000 0.00400 5.0803100 4.6410800 11.6240800 2.1237579E+14 2.1237579E+14
30.000 0.00600 5.0777300 4.6332700 11.6384100 2.1139953E+14 2.1139953E+14
30.000 0.00800 5.0792900 4.6278700 11.6499900 2.0966249E+14 2.0966249E+14
30.000 0.01000 5.0795000 4.6233700 11.6591100 2.0785723E+14 2.0785723E+14
30.000 0.01400 5.0797800 4.6159000 11.6741800 2.0492303E+14 2.0492303E+14
30.000 0.01700 5.0830100 4.6119800 11.6836400 2.0201719E+14 2.0201719E+14
35.000 0.00010 5.2945700 4.7103800 11.5926300 1.8667325E+14 1.8667315E+14
35.000 0.00020 5.2942600 4.7018500 11.6095300 1.8733742E+14 1.8733732E+14
35.000 0.00050 5.2886500 4.6907200 11.6289700 1.8827884E+14 1.8827874E+14
35.000 0.00100 5.2801500 4.6823400 11.6414900 1.8856821E+14 1.8856810E+14
35.000 0.00200 5.2834100 4.6704300 11.6669500 1.8839266E+14 1.8839256E+14
35.000 0.00400 5.2309700 4.6604300 11.6607200 1.8748285E+14 1.8748285E+14
35.000 0.00600 5.2282000 4.6526900 11.6748100 1.8666952E+14 1.8666952E+14
35.000 0.00800 5.2296400 4.6473500 11.6862100 1.8523292E+14 1.8523292E+14
35.000 0.01000 5.2315600 4.6430200 11.6958400 1.8365102E+14 1.8365102E+14
35.000 0.01400 5.2357000 4.6357500 11.7124400 1.8136977E+14 1.8136977E+14
35.000 0.01700 5.2404700 4.6317500 11.7228300 1.7869364E+14 1.7869364E+14
40.000 0.00010 5.4086700 4.7257100 11.6190200 1.6924869E+14 1.6924862E+14
40.000 0.00020 5.4137600 4.7159700 11.6410300 1.6984283E+14 1.6984276E+14
40.000 0.00050 5.4090300 4.7049200 11.6607600 1.7069916E+14 1.7069910E+14
40.000 0.00100 5.4070500 4.6954700 11.6786700 1.7090331E+14 1.7090324E+14
40.000 0.00200 5.3565000 4.6868200 11.6707000 1.7087595E+14 1.7087595E+14
40.000 0.00400 5.3566100 4.6759000 11.6925900 1.7004754E+14 1.7004754E+14
40.000 0.00600 5.3555800 4.6683600 11.7071600 1.6996939E+14 1.6996939E+14
40.000 0.00800 5.3551300 4.6628200 11.7180100 1.6816226E+14 1.6816226E+14
40.000 0.01000 5.3609400 4.6586100 11.7293400 1.6696333E+14 1.6696333E+14
40.000 0.01400 5.3607400 4.6509900 11.7444900 1.6484241E+14 1.6484241E+14
40.000 0.01700 5.3660100 4.6468300 11.7554500 1.6289790E+14 1.6289790E+14
50.000 0.00010 5.5985000 4.7476700 11.6700000 1.4636529E+14 1.4636525E+14
50.000 0.00020 5.6006900 4.7384300 11.6895900 1.4685502E+14 1.4685499E+14
50.000 0.00050 5.5965100 4.7276300 11.7090900 1.4752918E+14 1.4752915E+14
50.000 0.00100 5.5906500 4.7195600 11.7223000 1.4776239E+14 1.4776235E+14
50.000 0.00200 5.5547600 4.7099800 11.7235200 1.4773833E+14 1.4773833E+14
50.000 0.00400 5.5580300 4.6992400 11.7466200 1.4712539E+14 1.4712539E+14
50.000 0.00600 5.5560500 4.6915200 11.7610900 1.4689260E+14 1.4689260E+14
50.000 0.00800 5.5598200 4.6860100 11.7739700 1.4565319E+14 1.4565319E+14
50.000 0.01000 5.5610300 4.6813600 11.7839000 1.4487155E+14 1.4487155E+14
50.000 0.01400 5.5615400 4.6734400 11.7999900 1.4422104E+14 1.4422104E+14
50.000 0.01700 5.5652700 4.6690500 11.8106400 1.4288421E+14 1.4288421E+14
55.000 0.00010 5.6736400 4.7568300 11.6892500 1.3839271E+14 1.3839268E+14
55.000 0.00020 5.6747600 4.7481900 11.7070900 1.3884042E+14 1.3884039E+14
55.000 0.00050 5.6730300 4.7365100 11.7295800 1.3950579E+14 1.3950576E+14
55.000 0.00100 5.6365600 4.7286200 11.7271400 1.3970315E+14 1.3970315E+14
55.000 0.00200 5.6381000 4.7192600 11.7466300 1.3976800E+14 1.3976800E+14
55.000 0.00400 5.6382100 4.7080600 11.7690700 1.3938079E+14 1.3938079E+14
55.000 0.00600 5.6373700 4.7003400 11.7841100 1.3868506E+14 1.3868506E+14
55.000 0.00800 5.6399000 4.6947200 11.7966000 1.3809531E+14 1.3809531E+14
55.000 0.01000 5.6416200 4.6899400 11.8070200 1.3755741E+14 1.3755741E+14
55.000 0.01400 5.6433300 4.6818500 11.8240700 1.3676310E+14 1.3676310E+14
55.000 0.01700 5.6483500 4.6772000 11.8358600 1.3543949E+14 1.3543949E+14
60.000 0.00010 5.7454600 4.7634400 11.7119400 1.3187383E+14 1.3187380E+14
60.000 0.00020 5.7440000 4.7555400 11.7270100 1.3229304E+14 1.3229301E+14
60.000 0.00050 5.7409300 4.7443800 11.7478000 1.3288782E+14 1.3288780E+14
60.000 0.00100 5.7074500 4.7360200 11.7477800 1.3311989E+14 1.3311989E+14
60.000 0.00200 5.7067800 4.7262700 11.7669500 1.3312379E+14 1.3312379E+14
60.000 0.00400 5.7091900 4.7155100 11.7896700 1.3284426E+14 1.3284426E+14
60.000 0.00600 5.7121000 4.7078900 11.8063700 1.3248361E+14 1.3248361E+14
60.000 0.00800 5.7133400 4.7020400 11.8186900 1.3186080E+14 1.3186080E+14
60.000 0.01000 5.7138000 4.6971400 11.8287200 1.3139554E+14 1.3139554E+14
60.000 0.01400 5.7163900 4.6888200 11.8466500 1.3056615E+14 1.3056615E+14
60.000 0.01700 5.7207000 4.6840000 11.8584300 1.2936680E+14 1.2936680E+14
70.000 0.00010 5.8368400 4.7777100 11.7290900 1.2184351E+14 1.2184351E+14
70.000 0.00020 5.8351400 4.7689200 11.7458300 1.2224605E+14 1.2224605E+14
70.000 0.00050 5.8367600 4.7584400 11.7675900 1.2281738E+14 1.2281738E+14
70.000 0.00100 5.8315900 4.7486500 11.7845900 1.2300720E+14 1.2300720E+14
70.000 0.00200 5.8329900 4.7392900 11.8040100 1.2301586E+14 1.2301586E+14
70.000 0.00400 5.8355400 4.7280100 11.8278400 1.2277177E+14 1.2277177E+14
70.000 0.00600 5.8343000 4.7198700 11.8435000 1.2273645E+14 1.2273645E+14
70.000 0.00800 5.8379800 4.7136900 11.8577100 1.2225620E+14 1.2225620E+14
70.000 0.01000 5.8389900 4.7085900 11.8684200 1.2166051E+14 1.2166051E+14
70.000 0.01400 5.8428800 4.6995900 11.8883500 1.2089991E+14 1.2089991E+14
70.000 0.01700 5.8456100 4.6945600 11.8997800 1.1995954E+14 1.1995954E+14
90.000 0.00010 6.0294800 4.7960600 11.7887100 1.0880120E+14 1.0880120E+14
90.000 0.00020 6.0279500 4.7874000 11.8052600 1.0915317E+14 1.0915317E+14
90.000 0.00050 6.0253200 4.7758400 11.8270700 1.0977111E+14 1.0977111E+14
90.000 0.00100 6.0240500 4.7666200 11.8448800 1.0969148E+14 1.0969148E+14
90.000 0.00200 6.0270800 4.7573000 11.8650200 1.0994848E+14 1.0994848E+14
90.000 0.00400 6.0270800 4.7450600 11.8895100 1.0992230E+14 1.0992230E+14
90.000 0.00600 6.0281200 4.7361900 11.9077700 1.0974463E+14 1.0974463E+14
90.000 0.00800 6.0290300 4.7295900 11.9214300 1.0935728E+14 1.0935728E+14
90.000 0.01000 6.0316500 4.7238000 11.9343100 1.0885349E+14 1.0885349E+14
90.000 0.01400 6.0334300 4.7140600 11.9546800 1.0831819E+14 1.0831819E+14
90.000 0.01700 6.0368000 4.7080300 11.9684400 1.0745216E+14 1.0745216E+14
100.000 0.00010 6.1064200 4.8028000 11.8137000 1.0430849E+14 1.0430849E+14
100.000 0.00020 6.1068600 4.7945800 11.8303600 1.0457839E+14 1.0457839E+14
100.000 0.00050 6.1029500 4.7827700 11.8520300 1.0495973E+14 1.0495973E+14
100.000 0.00100 6.1008900 4.7729300 11.8706800 1.0512155E+14 1.0512155E+14
100.000 0.00200 6.1043600 4.7637700 11.8907200 1.0544874E+14 1.0544874E+14
100.000 0.00400 6.1048100 4.7511100 11.9162800 1.0530079E+14 1.0530079E+14
100.000 0.00600 6.1049900 4.7419000 11.9347800 1.0516324E+14 1.0516324E+14
100.000 0.00800 6.1070600 4.7348500 11.9499300 1.0480289E+14 1.0480289E+14
100.000 0.01000 6.1081000 4.7289900 11.9621600 1.0442153E+14 1.0442153E+14
100.000 0.01400 6.1115100 4.7181900 11.9854600 1.0383372E+14 1.0383372E+14
100.000 0.01700 6.1145500 4.7117200 11.9999300 1.0311860E+14 1.0311860E+14
120.000 0.00010 6.2372300 4.8135000 11.8577100 9.7471085E+13 9.7471085E+13
120.000 0.00020 6.2332700 4.8046000 11.8735300 9.7763243E+13 9.7763243E+13
120.000 0.00050 6.2312300 4.7928800 11.8959500 9.8157420E+13 9.8157420E+13
120.000 0.00100 6.2302500 4.7832300 11.9147600 9.8294013E+13 9.8294013E+13
120.000 0.00200 6.2321600 4.7735600 11.9350600 9.8871069E+13 9.8871069E+13
120.000 0.00400 6.2331300 4.7600800 11.9625000 9.8591690E+13 9.8591690E+13
120.000 0.00600 6.2344800 4.7500300 11.9832800 9.8437762E+13 9.8437762E+13
120.000 0.00800 6.2351800 4.7426500 11.9983800 9.8085004E+13 9.8085004E+13
120.000 0.01000 6.2373200 4.7359000 12.0129500 9.7564717E+13 9.7564717E+13
120.000 0.01400 6.2396000 4.7241500 12.0375800 9.7240440E+13 9.7240440E+13
120.000 0.01700 6.2431000 4.7164100 12.0548100 9.6866334E+13 9.6866334E+13
