27500 3.00  23.26  23.21  23.18  23.15  23.14  23.13  23.13  23.13  23.14  23.15
27500 3.25  23.00  22.93  22.87  22.81  22.78  22.76  22.75  22.74  22.74  22.75
27500 3.50  22.79  22.70  22.62  22.53  22.48  22.41  22.39  22.37  22.33  22.33
27500 3.75  22.62  22.52  22.43  22.33  22.26  22.17  22.14  22.10  22.03  22.01
27500 4.00  22.49  22.39  22.30  22.19  22.12  22.01  21.97  21.93  21.84  21.82
27500 4.25  22.39  22.28  22.19  22.08  22.01  21.90  21.86  21.81  21.73  21.70
27500 4.50  22.30  22.20  22.11  22.00  21.92  21.82  21.78  21.74  21.66  21.64
27500 4.75  22.23  22.13  22.03  21.92  21.85  21.76  21.72  21.68  21.61  21.59
30000 3.00  23.68  23.66  23.65  23.64  23.63  23.63  23.63  23.63  23.63  23.63
30000 3.25  23.51  23.47  23.44  23.42  23.41  23.40  23.40  23.40  23.41  23.41
30000 3.50  23.36  23.30  23.26  23.21  23.19  23.18  23.17  23.17  23.18  23.18
30000 3.75  23.22  23.15  23.08  23.02  22.99  22.96  22.95  22.95  22.94  22.95
30000 4.00  23.10  23.01  22.94  22.86  22.81  22.76  22.75  22.74  22.73  22.73
30000 4.25  22.99  22.89  22.81  22.72  22.67  22.61  22.59  22.58  22.56  22.55
30000 4.50  22.90  22.80  22.71  22.62  22.56  22.50  22.48  22.46  22.43  22.43
30000 4.75  22.82  22.72  22.63  22.54  22.49  22.42  22.40  22.38  22.34  22.34
32500 3.00  00.00  00.00  00.00  00.00  00.00  00.00  00.00  00.00  00.00  00.00
32500 3.25  23.84  23.82  23.81  23.79  23.79  23.78  23.78  23.78  23.78  23.78
32500 3.50  23.73  23.70  23.68  23.66  23.65  23.64  23.64  23.64  23.64  23.64
32500 3.75  23.64  23.60  23.56  23.53  23.52  23.51  23.51  23.51  23.51  23.51
32500 4.00  23.55  23.50  23.45  23.41  23.39  23.38  23.38  23.38  23.38  23.38
32500 4.25  23.47  23.41  23.36  23.31  23.28  23.26  23.26  23.26  23.26  23.26
32500 4.50  23.40  23.33  23.27  23.21  23.18  23.16  23.15  23.15  23.15  23.15
32500 4.75  23.34  23.26  23.20  23.13  23.10  23.07  23.07  23.06  23.06  23.06
35000 3.00  00.00  00.00  00.00  00.00  00.00  00.00  00.00  00.00  00.00  00.00
35000 3.25  24.09  24.08  24.07  24.06  24.06  24.05  24.05  24.05  24.05  24.05
35000 3.50  23.99  23.98  23.97  23.95  23.95  23.94  23.94  23.94  23.94  23.94
35000 3.75  23.92  23.90  23.88  23.87  23.86  23.85  23.85  23.85  23.85  23.85
35000 4.00  23.87  23.84  23.81  23.79  23.78  23.77  23.77  23.77  23.77  23.77
35000 4.25  23.81  23.78  23.75  23.72  23.71  23.70  23.70  23.70  23.70  23.70
35000 4.50  23.77  23.72  23.69  23.66  23.64  23.64  23.64  23.64  23.64  23.64
35000 4.75  23.72  23.67  23.64  23.60  23.59  23.58  23.58  23.58  23.58  23.58
37500 3.00  00.00  00.00  00.00  00.00  00.00  00.00  00.00  00.00  00.00  00.00
37500 3.25  00.00  00.00  00.00  00.00  00.00  00.00  00.00  00.00  00.00  00.00
37500 3.50  24.21  24.20  24.19  24.18  24.17  24.17  24.17  24.16  24.16  24.16
37500 3.75  24.14  24.13  24.12  24.11  24.10  24.10  24.09  24.09  24.09  24.09
37500 4.00  24.10  24.08  24.07  24.05  24.04  24.04  24.04  24.04  24.04  24.04
37500 4.25  24.06  24.04  24.02  24.00  24.00  23.99  23.99  23.99  23.99  23.99
37500 4.50  24.03  24.00  23.98  23.96  23.96  23.95  23.95  23.95  23.95  23.95
37500 4.75  24.00  23.97  23.95  23.93  23.92  23.92  23.91  23.91  23.92  23.92
40000 3.00  00.00  00.00  00.00  00.00  00.00  00.00  00.00  00.00  00.00  00.00
40000 3.25  00.00  00.00  00.00  00.00  00.00  00.00  00.00  00.00  00.00  00.00
40000 3.50  24.39  24.38  24.37  24.36  24.36  24.35  24.35  24.35  24.34  24.34
40000 3.75  24.33  24.32  24.31  24.30  24.30  24.29  24.29  24.28  24.28  24.28
40000 4.00  24.29  24.28  24.27  24.26  24.25  24.24  24.24  24.24  24.24  24.24
40000 4.25  24.26  24.24  24.23  24.22  24.21  24.20  24.20  24.20  24.20  24.20
40000 4.50  24.23  24.21  24.20  24.19  24.18  24.18  24.17  24.17  24.17  24.17
40000 4.75  24.21  24.19  24.18  24.16  24.16  24.15  24.15  24.15  24.15  24.15
42500 3.00  00.00  00.00  00.00  00.00  00.00  00.00  00.00  00.00  00.00  00.00
42500 3.25  00.00  00.00  00.00  00.00  00.00  00.00  00.00  00.00  00.00  00.00
42500 3.50  00.00  00.00  00.00  00.00  00.00  00.00  00.00  00.00  00.00  00.00
42500 3.75  24.49  24.48  24.47  24.46  24.46  24.45  24.45  24.45  24.44  24.44
42500 4.00  24.45  24.44  24.43  24.42  24.42  24.41  24.41  24.40  24.40  24.40
42500 4.25  24.43  24.41  24.40  24.39  24.38  24.38  24.38  24.37  24.37  24.37
42500 4.50  24.40  24.39  24.38  24.37  24.36  24.35  24.35  24.35  24.35  24.35
42500 4.75  24.39  24.37  24.36  24.35  24.34  24.34  24.33  24.33  24.33  24.33
45000 3.00  00.00  00.00  00.00  00.00  00.00  00.00  00.00  00.00  00.00  00.00
45000 3.25  00.00  00.00  00.00  00.00  00.00  00.00  00.00  00.00  00.00  00.00
45000 3.50  00.00  00.00  00.00  00.00  00.00  00.00  00.00  00.00  00.00  00.00
45000 3.75  24.62  24.62  24.61  24.60  24.60  24.59  24.59  24.59  24.58  24.58
45000 4.00  24.59  24.58  24.58  24.57  24.56  24.55  24.55  24.55  24.55  24.54
45000 4.25  24.57  24.56  24.55  24.54  24.53  24.53  24.52  24.52  24.52  24.52
45000 4.50  24.55  24.54  24.53  24.52  24.51  24.50  24.50  24.50  24.50  24.50
45000 4.75  24.54  24.52  24.51  24.50  24.50  24.49  24.49  24.48  24.48  24.48
47500 3.00  00.00  00.00  00.00  00.00  00.00  00.00  00.00  00.00  00.00  00.00
47500 3.25  00.00  00.00  00.00  00.00  00.00  00.00  00.00  00.00  00.00  00.00
47500 3.50  00.00  00.00  00.00  00.00  00.00  00.00  00.00  00.00  00.00  00.00
47500 3.75  24.74  24.74  24.73  24.72  24.72  24.71  24.71  24.71  24.71  24.71
47500 4.00  24.72  24.71  24.70  24.69  24.69  24.68  24.68  24.68  24.67  24.67
47500 4.25  24.70  24.69  24.68  24.67  24.66  24.65  24.65  24.65  24.65  24.65
47500 4.50  24.68  24.67  24.66  24.65  24.64  24.64  24.63  24.63  24.63  24.63
47500 4.75  24.67  24.66  24.65  24.64  24.63  24.62  24.62  24.62  24.61  24.61
50000 3.00  00.00  00.00  00.00  00.00  00.00  00.00  00.00  00.00  00.00  00.00
50000 3.25  00.00  00.00  00.00  00.00  00.00  00.00  00.00  00.00  00.00  00.00
50000 3.50  00.00  00.00  00.00  00.00  00.00  00.00  00.00  00.00  00.00  00.00
50000 3.75  00.00  00.00  00.00  00.00  00.00  00.00  00.00  00.00  00.00  00.00
50000 4.00  24.82  24.82  24.81  24.80  24.80  24.79  24.79  24.79  24.79  24.78
50000 4.25  24.81  24.80  24.79  24.78  24.78  24.77  24.77  24.77  24.76  24.76
50000 4.50  24.80  24.79  24.78  24.77  24.76  24.75  24.75  24.75  24.74  24.74
50000 4.75  24.79  24.78  24.76  24.75  24.75  24.74  24.74  24.74  24.73  24.73
52500 3.00  00.00  00.00  00.00  00.00  00.00  00.00  00.00  00.00  00.00  00.00
52500 3.25  00.00  00.00  00.00  00.00  00.00  00.00  00.00  00.00  00.00  00.00
52500 3.50  00.00  00.00  00.00  00.00  00.00  00.00  00.00  00.00  00.00  00.00
52500 3.75  00.00  00.00  00.00  00.00  00.00  00.00  00.00  00.00  00.00  00.00
52500 4.00  24.92  24.92  24.91  24.90  24.90  24.90  24.89  24.89  24.89  24.89
52500 4.25  24.91  24.90  24.89  24.89  24.88  24.87  24.87  24.87  24.87  24.87
52500 4.50  24.90  24.89  24.88  24.87  24.87  24.86  24.86  24.85  24.85  24.85
52500 4.75  24.89  24.88  24.87  24.86  24.85  24.85  24.84  24.84  24.84  24.84
55000 3.00  00.00  00.00  00.00  00.00  00.00  00.00  00.00  00.00  00.00  00.00
55000 3.25  00.00  00.00  00.00  00.00  00.00  00.00  00.00  00.00  00.00  00.00
55000 3.50  00.00  00.00  00.00  00.00  00.00  00.00  00.00  00.00  00.00  00.00
55000 3.75  00.00  00.00  00.00  00.00  00.00  00.00  00.00  00.00  00.00  00.00
55000 4.00  25.01  25.01  25.00  25.00  24.99  24.99  24.99  24.99  24.98  24.98
55000 4.25  25.00  24.99  24.99  24.98  24.98  24.97  24.97  24.97  24.96  24.96
55000 4.50  24.99  24.98  24.97  24.97  24.96  24.96  24.95  24.95  24.95  24.95
55000 4.75  24.98  24.97  24.97  24.96  24.95  24.94  24.94  24.94  24.94  24.94
