27500 3.00  20.85  20.80  20.74  20.69  20.65  20.61  20.60  20.58  20.55  20.53
27500 3.25  20.45  20.35  20.25  20.10  19.99  19.82  19.76  19.71  19.62  19.60
27500 3.50  20.17  20.03  19.89  19.68  19.52  19.30  19.21  19.13  19.00  18.98
27500 3.75  19.95  19.80  19.64  19.40  19.22  18.95  18.86  18.76  18.60  18.57
27500 4.00  19.79  19.63  19.45  19.20  19.01  18.73  18.63  18.53  18.37  18.34
27500 4.25  19.66  19.49  19.31  19.05  18.85  18.58  18.48  18.39  18.24  18.21
27500 4.50  19.55  19.37  19.18  18.92  18.72  18.46  18.37  18.29  18.16  18.13
27500 4.75  19.45  19.26  19.07  18.80  18.61  18.37  18.29  18.22  18.11  18.08
30000 3.00  22.29  22.31  22.33  22.35  22.38  22.41  22.43  22.45  22.47  22.48
30000 3.25  21.55  21.51  21.50  21.52  21.56  21.61  21.63  21.66  21.70  21.70
30000 3.50  21.12  21.06  21.00  20.94  20.89  20.84  20.82  20.81  20.78  20.77
30000 3.75  20.90  20.81  20.71  20.58  20.49  20.36  20.32  20.28  20.22  20.21
30000 4.00  20.73  20.61  20.48  20.31  20.18  20.02  19.97  19.92  19.85  19.83
30000 4.25  20.59  20.45  20.30  20.10  19.96  19.77  19.71  19.66  19.58  19.56
30000 4.50  20.46  20.31  20.15  19.94  19.79  19.60  19.54  19.47  19.39  19.37
30000 4.75  20.36  20.20  20.04  19.82  19.67  19.47  19.41  19.35  19.27  19.25
32500 3.00  00.00  00.00  00.00  00.00  00.00  00.00  00.00  00.00  00.00  00.00
32500 3.25  22.61  22.64  22.67  22.70  22.73  22.77  22.78  22.80  22.82  22.83
32500 3.50  22.24  22.25  22.27  22.30  22.34  22.39  22.41  22.43  22.47  22.48
32500 3.75  21.87  21.85  21.85  21.87  21.90  21.95  21.97  21.99  22.04  22.05
32500 4.00  21.61  21.56  21.53  21.51  21.51  21.51  21.52  21.53  21.56  21.56
32500 4.25  21.44  21.38  21.32  21.25  21.21  21.17  21.16  21.15  21.15  21.14
32500 4.50  21.32  21.24  21.15  21.05  20.99  20.92  20.90  20.88  20.86  20.85
32500 4.75  21.22  21.12  21.02  20.90  20.82  20.73  20.71  20.69  20.66  20.65
35000 3.00  00.00  00.00  00.00  00.00  00.00  00.00  00.00  00.00  00.00  00.00
35000 3.25  23.12  23.15  23.17  23.21  23.23  23.26  23.27  23.28  23.30  23.31
35000 3.50  22.92  22.96  22.99  23.03  23.05  23.09  23.10  23.12  23.14  23.15
35000 3.75  22.75  22.77  22.80  22.83  22.86  22.91  22.93  22.95  22.98  22.98
35000 4.00  22.56  22.58  22.60  22.63  22.66  22.71  22.74  22.76  22.80  22.80
35000 4.25  22.38  22.38  22.40  22.43  22.46  22.51  22.54  22.56  22.60  22.61
35000 4.50  22.21  22.21  22.22  22.24  22.27  22.32  22.34  22.37  22.41  22.41
35000 4.75  22.08  22.07  22.06  22.08  22.10  22.13  22.15  22.18  22.22  22.22
37500 3.00  00.00  00.00  00.00  00.00  00.00  00.00  00.00  00.00  00.00  00.00
37500 3.25  00.00  00.00  00.00  00.00  00.00  00.00  00.00  00.00  00.00  00.00
37500 3.50  23.30  23.34  23.37  23.41  23.43  23.46  23.47  23.48  23.50  23.51
37500 3.75  23.21  23.24  23.27  23.31  23.34  23.37  23.39  23.40  23.42  23.42
37500 4.00  23.12  23.15  23.18  23.21  23.24  23.28  23.30  23.31  23.34  23.34
37500 4.25  23.03  23.06  23.08  23.12  23.15  23.19  23.21  23.23  23.25  23.26
37500 4.50  22.94  22.97  22.99  23.03  23.05  23.10  23.12  23.14  23.17  23.17
37500 4.75  22.85  22.87  22.90  22.94  22.97  23.02  23.04  23.06  23.08  23.09
40000 3.00  00.00  00.00  00.00  00.00  00.00  00.00  00.00  00.00  00.00  00.00
40000 3.25  00.00  00.00  00.00  00.00  00.00  00.00  00.00  00.00  00.00  00.00
40000 3.50  23.60  23.62  23.64  23.67  23.69  23.72  23.72  23.73  23.75  23.75
40000 3.75  23.51  23.54  23.57  23.61  23.63  23.66  23.67  23.68  23.70  23.70
40000 4.00  23.46  23.49  23.52  23.56  23.58  23.62  23.63  23.64  23.66  23.66
40000 4.25  23.41  23.44  23.47  23.51  23.54  23.57  23.59  23.60  23.61  23.62
40000 4.50  23.37  23.40  23.42  23.46  23.49  23.53  23.54  23.55  23.57  23.58
40000 4.75  23.32  23.35  23.38  23.42  23.44  23.49  23.50  23.51  23.53  23.53
42500 3.00  00.00  00.00  00.00  00.00  00.00  00.00  00.00  00.00  00.00  00.00
42500 3.25  00.00  00.00  00.00  00.00  00.00  00.00  00.00  00.00  00.00  00.00
42500 3.50  00.00  00.00  00.00  00.00  00.00  00.00  00.00  00.00  00.00  00.00
42500 3.75  23.75  23.77  23.80  23.83  23.85  23.87  23.88  23.89  23.91  23.91
42500 4.00  23.70  23.73  23.76  23.80  23.82  23.85  23.86  23.87  23.88  23.89
42500 4.25  23.67  23.71  23.74  23.77  23.80  23.83  23.84  23.85  23.86  23.87
42500 4.50  23.65  23.68  23.71  23.75  23.78  23.81  23.82  23.83  23.84  23.84
42500 4.75  23.63  23.66  23.69  23.73  23.75  23.79  23.80  23.81  23.82  23.82
45000 3.00  00.00  00.00  00.00  00.00  00.00  00.00  00.00  00.00  00.00  00.00
45000 3.25  00.00  00.00  00.00  00.00  00.00  00.00  00.00  00.00  00.00  00.00
45000 3.50  00.00  00.00  00.00  00.00  00.00  00.00  00.00  00.00  00.00  00.00
45000 3.75  23.96  23.98  24.00  24.03  24.04  24.06  24.06  24.07  24.08  24.08
45000 4.00  23.91  23.94  23.96  23.99  24.01  24.03  24.04  24.05  24.06  24.07
45000 4.25  23.88  23.91  23.94  23.98  24.00  24.02  24.03  24.04  24.05  24.05
45000 4.50  23.87  23.90  23.93  23.97  23.99  24.01  24.02  24.03  24.04  24.04
45000 4.75  23.86  23.89  23.92  23.95  23.98  24.00  24.01  24.02  24.03  24.03
47500 3.00  00.00  00.00  00.00  00.00  00.00  00.00  00.00  00.00  00.00  00.00
47500 3.25  00.00  00.00  00.00  00.00  00.00  00.00  00.00  00.00  00.00  00.00
47500 3.50  00.00  00.00  00.00  00.00  00.00  00.00  00.00  00.00  00.00  00.00
47500 3.75  24.17  24.18  24.19  24.21  24.21  24.22  24.23  24.23  24.24  24.24
47500 4.00  24.09  24.12  24.14  24.16  24.18  24.19  24.20  24.21  24.22  24.22
47500 4.25  24.07  24.09  24.12  24.15  24.16  24.18  24.19  24.20  24.21  24.21
47500 4.50  24.05  24.08  24.11  24.14  24.16  24.18  24.19  24.19  24.20  24.21
47500 4.75  24.04  24.07  24.10  24.14  24.16  24.18  24.18  24.19  24.20  24.20
50000 3.00  00.00  00.00  00.00  00.00  00.00  00.00  00.00  00.00  00.00  00.00
50000 3.25  00.00  00.00  00.00  00.00  00.00  00.00  00.00  00.00  00.00  00.00
50000 3.50  00.00  00.00  00.00  00.00  00.00  00.00  00.00  00.00  00.00  00.00
50000 3.75  00.00  00.00  00.00  00.00  00.00  00.00  00.00  00.00  00.00  00.00
50000 4.00  24.26  24.28  24.30  24.32  24.33  24.34  24.34  24.35  24.35  24.36
50000 4.25  24.23  24.26  24.28  24.30  24.31  24.33  24.33  24.34  24.35  24.35
50000 4.50  24.22  24.24  24.27  24.29  24.31  24.32  24.33  24.34  24.35  24.35
50000 4.75  24.21  24.24  24.26  24.29  24.31  24.32  24.33  24.34  24.35  24.35
52500 3.00  00.00  00.00  00.00  00.00  00.00  00.00  00.00  00.00  00.00  00.00
52500 3.25  00.00  00.00  00.00  00.00  00.00  00.00  00.00  00.00  00.00  00.00
52500 3.50  00.00  00.00  00.00  00.00  00.00  00.00  00.00  00.00  00.00  00.00
52500 3.75  00.00  00.00  00.00  00.00  00.00  00.00  00.00  00.00  00.00  00.00
52500 4.00  24.42  24.43  24.44  24.46  24.46  24.47  24.47  24.47  24.48  24.48
52500 4.25  24.38  24.40  24.42  24.44  24.45  24.46  24.46  24.47  24.47  24.47
52500 4.50  24.37  24.39  24.41  24.43  24.44  24.45  24.46  24.46  24.47  24.47
52500 4.75  24.36  24.38  24.40  24.43  24.44  24.46  24.46  24.47  24.47  24.48
55000 3.00  00.00  00.00  00.00  00.00  00.00  00.00  00.00  00.00  00.00  00.00
55000 3.25  00.00  00.00  00.00  00.00  00.00  00.00  00.00  00.00  00.00  00.00
55000 3.50  00.00  00.00  00.00  00.00  00.00  00.00  00.00  00.00  00.00  00.00
55000 3.75  00.00  00.00  00.00  00.00  00.00  00.00  00.00  00.00  00.00  00.00
55000 4.00  24.56  24.57  24.58  24.58  24.59  24.59  24.59  24.59  24.60  24.60
55000 4.25  24.52  24.54  24.55  24.56  24.57  24.58  24.58  24.58  24.59  24.59
55000 4.50  24.50  24.52  24.54  24.55  24.56  24.57  24.58  24.58  24.59  24.59
55000 4.75  24.49  24.52  24.53  24.55  24.56  24.57  24.58  24.58  24.59  24.59
